1600
-1.00 -1.00 0.00 1.00
-1.00 -0.95 0.05 0.95
-1.00 -0.90 0.10 0.90
-1.00 -0.85 0.14 0.85
-1.00 -0.80 0.18 0.80
-1.00 -0.75 0.22 0.75
-1.00 -0.70 0.26 0.70
-1.00 -0.65 0.29 0.65
-1.00 -0.60 0.32 0.60
-1.00 -0.55 0.35 0.55
-1.00 -0.50 0.38 0.50
-1.00 -0.45 0.40 0.45
-1.00 -0.40 0.42 0.40
-1.00 -0.35 0.44 0.35
-1.00 -0.30 0.46 0.30
-1.00 -0.25 0.47 0.25
-1.00 -0.20 0.48 0.20
-1.00 -0.15 0.49 0.15
-1.00 -0.10 0.50 0.10
-1.00 -0.05 0.50 0.05
-1.00 0.00 0.50 -0.00
-1.00 0.05 0.50 -0.05
-1.00 0.10 0.49 -0.10
-1.00 0.15 0.49 -0.15
-1.00 0.20 0.48 -0.20
-1.00 0.25 0.47 -0.25
-1.00 0.30 0.45 -0.30
-1.00 0.35 0.44 -0.35
-1.00 0.40 0.42 -0.40
-1.00 0.45 0.40 -0.45
-1.00 0.50 0.37 -0.50
-1.00 0.55 0.35 -0.55
-1.00 0.60 0.32 -0.60
-1.00 0.65 0.29 -0.65
-1.00 0.70 0.25 -0.70
-1.00 0.75 0.22 -0.75
-1.00 0.80 0.18 -0.80
-1.00 0.85 0.14 -0.85
-1.00 0.90 0.09 -0.90
-1.00 0.95 0.05 -0.95
-0.95 -1.00 -0.05 0.95
-0.95 -0.95 0.00 0.90
-0.95 -0.90 0.05 0.85
-0.95 -0.85 0.09 0.81
-0.95 -0.80 0.13 0.76
-0.95 -0.75 0.17 0.71
-0.95 -0.70 0.21 0.66
-0.95 -0.65 0.24 0.62
-0.95 -0.60 0.27 0.57
-0.95 -0.55 0.30 0.52
-0.95 -0.50 0.33 0.47
-0.95 -0.45 0.35 0.43
-0.95 -0.40 0.37 0.38
-0.95 -0.35 0.39 0.33
-0.95 -0.30 0.41 0.28
-0.95 -0.25 0.42 0.24
-0.95 -0.20 0.43 0.19
-0.95 -0.15 0.44 0.14
-0.95 -0.10 0.45 0.09
-0.95 -0.05 0.45 0.05
-0.95 0.00 0.45 -0.00
-0.95 0.05 0.45 -0.05
-0.95 0.10 0.45 -0.10
-0.95 0.15 0.44 -0.14
-0.95 0.20 0.43 -0.19
-0.95 0.25 0.42 -0.24
-0.95 0.30 0.41 -0.29
-0.95 0.35 0.39 -0.33
-0.95 0.40 0.37 -0.38
-0.95 0.45 0.35 -0.43
-0.95 0.50 0.33 -0.48
-0.95 0.55 0.30 -0.52
-0.95 0.60 0.27 -0.57
-0.95 0.65 0.24 -0.62
-0.95 0.70 0.21 -0.67
-0.95 0.75 0.17 -0.71
-0.95 0.80 0.13 -0.76
-0.95 0.85 0.09 -0.81
-0.95 0.90 0.05 -0.86
-0.95 0.95 -0.00 -0.90
-0.90 -1.00 -0.10 0.90
-0.90 -0.95 -0.05 0.85
-0.90 -0.90 0.00 0.81
-0.90 -0.85 0.04 0.76
-0.90 -0.80 0.09 0.72
-0.90 -0.75 0.12 0.67
-0.90 -0.70 0.16 0.63
-0.90 -0.65 0.19 0.58
-0.90 -0.60 0.23 0.54
-0.90 -0.55 0.25 0.49
-0.90 -0.50 0.28 0.45
-0.90 -0.45 0.30 0.40
-0.90 -0.40 0.33 0.36
-0.90 -0.35 0.34 0.31
-0.90 -0.30 0.36 0.27
-0.90 -0.25 0.37 0.22
-0.90 -0.20 0.39 0.18
-0.90 -0.15 0.39 0.13
-0.90 -0.10 0.40 0.09
-0.90 -0.05 0.40 0.04
-0.90 0.00 0.40 -0.00
-0.90 0.05 0.40 -0.05
-0.90 0.10 0.40 -0.09
-0.90 0.15 0.39 -0.14
-0.90 0.20 0.38 -0.18
-0.90 0.25 0.37 -0.23
-0.90 0.30 0.36 -0.27
-0.90 0.35 0.34 -0.32
-0.90 0.40 0.32 -0.36
-0.90 0.45 0.30 -0.41
-0.90 0.50 0.28 -0.45
-0.90 0.55 0.25 -0.50
-0.90 0.60 0.22 -0.54
-0.90 0.65 0.19 -0.59
-0.90 0.70 0.16 -0.63
-0.90 0.75 0.12 -0.68
-0.90 0.80 0.08 -0.72
-0.90 0.85 0.04 -0.77
-0.90 0.90 -0.00 -0.81
-0.90 0.95 -0.05 -0.86
-0.85 -1.00 -0.14 0.85
-0.85 -0.95 -0.09 0.81
-0.85 -0.90 -0.04 0.76
-0.85 -0.85 0.00 0.72
-0.85 -0.80 0.04 0.68
-0.85 -0.75 0.08 0.64
-0.85 -0.70 0.12 0.59
-0.85 -0.65 0.15 0.55
-0.85 -0.60 0.18 0.51
-0.85 -0.55 0.21 0.47
-0.85 -0.50 0.24 0.42
-0.85 -0.45 0.26 0.38
-0.85 -0.40 0.28 0.34
-0.85 -0.35 0.30 0.30
-0.85 -0.30 0.32 0.25
-0.85 -0.25 0.33 0.21
-0.85 -0.20 0.34 0.17
-0.85 -0.15 0.35 0.13
-0.85 -0.10 0.36 0.08
-0.85 -0.05 0.36 0.04
-0.85 0.00 0.36 -0.00
-0.85 0.05 0.36 -0.04
-0.85 0.10 0.36 -0.09
-0.85 0.15 0.35 -0.13
-0.85 0.20 0.34 -0.17
-0.85 0.25 0.33 -0.21
-0.85 0.30 0.32 -0.26
-0.85 0.35 0.30 -0.30
-0.85 0.40 0.28 -0.34
-0.85 0.45 0.26 -0.38
-0.85 0.50 0.24 -0.43
-0.85 0.55 0.21 -0.47
-0.85 0.60 0.18 -0.51
-0.85 0.65 0.15 -0.55
-0.85 0.70 0.12 -0.60
-0.85 0.75 0.08 -0.64
-0.85 0.80 0.04 -0.68
-0.85 0.85 -0.00 -0.72
-0.85 0.90 -0.04 -0.77
-0.85 0.95 -0.09 -0.81
-0.80 -1.00 -0.18 0.80
-0.80 -0.95 -0.13 0.76
-0.80 -0.90 -0.09 0.72
-0.80 -0.85 -0.04 0.68
-0.80 -0.80 0.00 0.64
-0.80 -0.75 0.04 0.60
-0.80 -0.70 0.08 0.56
-0.80 -0.65 0.11 0.52
-0.80 -0.60 0.14 0.48
-0.80 -0.55 0.17 0.44
-0.80 -0.50 0.20 0.40
-0.80 -0.45 0.22 0.36
-0.80 -0.40 0.24 0.32
-0.80 -0.35 0.26 0.28
-0.80 -0.30 0.28 0.24
-0.80 -0.25 0.29 0.20
-0.80 -0.20 0.30 0.16
-0.80 -0.15 0.31 0.12
-0.80 -0.10 0.31 0.08
-0.80 -0.05 0.32 0.04
-0.80 0.00 0.32 -0.00
-0.80 0.05 0.32 -0.04
-0.80 0.10 0.31 -0.08
-0.80 0.15 0.31 -0.12
-0.80 0.20 0.30 -0.16
-0.80 0.25 0.29 -0.20
-0.80 0.30 0.27 -0.24
-0.80 0.35 0.26 -0.28
-0.80 0.40 0.24 -0.32
-0.80 0.45 0.22 -0.36
-0.80 0.50 0.19 -0.40
-0.80 0.55 0.17 -0.44
-0.80 0.60 0.14 -0.48
-0.80 0.65 0.11 -0.52
-0.80 0.70 0.07 -0.56
-0.80 0.75 0.04 -0.60
-0.80 0.80 -0.00 -0.64
-0.80 0.85 -0.04 -0.68
-0.80 0.90 -0.09 -0.72
-0.80 0.95 -0.13 -0.76
-0.75 -1.00 -0.22 0.75
-0.75 -0.95 -0.17 0.71
-0.75 -0.90 -0.12 0.67
-0.75 -0.85 -0.08 0.64
-0.75 -0.80 -0.04 0.60
-0.75 -0.75 0.00 0.56
-0.75 -0.70 0.04 0.52
-0.75 -0.65 0.07 0.49
-0.75 -0.60 0.10 0.45
-0.75 -0.55 0.13 0.41
-0.75 -0.50 0.16 0.37
-0.75 -0.45 0.18 0.34
-0.75 -0.40 0.20 0.30
-0.75 -0.35 0.22 0.26
-0.75 -0.30 0.24 0.22
-0.75 -0.25 0.25 0.19
-0.75 -0.20 0.26 0.15
-0.75 -0.15 0.27 0.11
-0.75 -0.10 0.28 0.07
-0.75 -0.05 0.28 0.04
-0.75 0.00 0.28 -0.00
-0.75 0.05 0.28 -0.04
-0.75 0.10 0.28 -0.08
-0.75 0.15 0.27 -0.11
-0.75 0.20 0.26 -0.15
-0.75 0.25 0.25 -0.19
-0.75 0.30 0.24 -0.23
-0.75 0.35 0.22 -0.26
-0.75 0.40 0.20 -0.30
-0.75 0.45 0.18 -0.34
-0.75 0.50 0.16 -0.38
-0.75 0.55 0.13 -0.41
-0.75 0.60 0.10 -0.45
-0.75 0.65 0.07 -0.49
-0.75 0.70 0.04 -0.53
-0.75 0.75 -0.00 -0.56
-0.75 0.80 -0.04 -0.60
-0.75 0.85 -0.08 -0.64
-0.75 0.90 -0.12 -0.68
-0.75 0.95 -0.17 -0.71
-0.70 -1.00 -0.26 0.70
-0.70 -0.95 -0.21 0.66
-0.70 -0.90 -0.16 0.63
-0.70 -0.85 -0.12 0.59
-0.70 -0.80 -0.08 0.56
-0.70 -0.75 -0.04 0.52
-0.70 -0.70 0.00 0.49
-0.70 -0.65 0.03 0.45
-0.70 -0.60 0.07 0.42
-0.70 -0.55 0.09 0.38
-0.70 -0.50 0.12 0.35
-0.70 -0.45 0.14 0.31
-0.70 -0.40 0.17 0.28
-0.70 -0.35 0.18 0.24
-0.70 -0.30 0.20 0.21
-0.70 -0.25 0.21 0.17
-0.70 -0.20 0.22 0.14
-0.70 -0.15 0.23 0.10
-0.70 -0.10 0.24 0.07
-0.70 -0.05 0.24 0.03
-0.70 0.00 0.24 -0.00
-0.70 0.05 0.24 -0.04
-0.70 0.10 0.24 -0.07
-0.70 0.15 0.23 -0.11
-0.70 0.20 0.22 -0.14
-0.70 0.25 0.21 -0.18
-0.70 0.30 0.20 -0.21
-0.70 0.35 0.18 -0.25
-0.70 0.40 0.16 -0.28
-0.70 0.45 0.14 -0.32
-0.70 0.50 0.12 -0.35
-0.70 0.55 0.09 -0.39
-0.70 0.60 0.06 -0.42
-0.70 0.65 0.03 -0.46
-0.70 0.70 -0.00 -0.49
-0.70 0.75 -0.04 -0.53
-0.70 0.80 -0.08 -0.56
-0.70 0.85 -0.12 -0.60
-0.70 0.90 -0.16 -0.63
-0.70 0.95 -0.21 -0.67
-0.65 -1.00 -0.29 0.65
-0.65 -0.95 -0.24 0.62
-0.65 -0.90 -0.19 0.58
-0.65 -0.85 -0.15 0.55
-0.65 -0.80 -0.11 0.52
-0.65 -0.75 -0.07 0.49
-0.65 -0.70 -0.03 0.45
-0.65 -0.65 0.00 0.42
-0.65 -0.60 0.03 0.39
-0.65 -0.55 0.06 0.36
-0.65 -0.50 0.09 0.32
-0.65 -0.45 0.11 0.29
-0.65 -0.40 0.13 0.26
-0.65 -0.35 0.15 0.23
-0.65 -0.30 0.17 0.19
-0.65 -0.25 0.18 0.16
-0.65 -0.20 0.19 0.13
-0.65 -0.15 0.20 0.10
-0.65 -0.10 0.21 0.06
-0.65 -0.05 0.21 0.03
-0.65 0.00 0.21 -0.00
-0.65 0.05 0.21 -0.03
-0.65 0.10 0.21 -0.07
-0.65 0.15 0.20 -0.10
-0.65 0.20 0.19 -0.13
-0.65 0.25 0.18 -0.16
-0.65 0.30 0.17 -0.20
-0.65 0.35 0.15 -0.23
-0.65 0.40 0.13 -0.26
-0.65 0.45 0.11 -0.29
-0.65 0.50 0.09 -0.33
-0.65 0.55 0.06 -0.36
-0.65 0.60 0.03 -0.39
-0.65 0.65 -0.00 -0.42
-0.65 0.70 -0.03 -0.46
-0.65 0.75 -0.07 -0.49
-0.65 0.80 -0.11 -0.52
-0.65 0.85 -0.15 -0.55
-0.65 0.90 -0.19 -0.59
-0.65 0.95 -0.24 -0.62
-0.60 -1.00 -0.32 0.60
-0.60 -0.95 -0.27 0.57
-0.60 -0.90 -0.23 0.54
-0.60 -0.85 -0.18 0.51
-0.60 -0.80 -0.14 0.48
-0.60 -0.75 -0.10 0.45
-0.60 -0.70 -0.07 0.42
-0.60 -0.65 -0.03 0.39
-0.60 -0.60 0.00 0.36
-0.60 -0.55 0.03 0.33
-0.60 -0.50 0.06 0.30
-0.60 -0.45 0.08 0.27
-0.60 -0.40 0.10 0.24
-0.60 -0.35 0.12 0.21
-0.60 -0.30 0.13 0.18
-0.60 -0.25 0.15 0.15
-0.60 -0.20 0.16 0.12
-0.60 -0.15 0.17 0.09
-0.60 -0.10 0.17 0.06
-0.60 -0.05 0.18 0.03
-0.60 0.00 0.18 -0.00
-0.60 0.05 0.18 -0.03
-0.60 0.10 0.17 -0.06
-0.60 0.15 0.17 -0.09
-0.60 0.20 0.16 -0.12
-0.60 0.25 0.15 -0.15
-0.60 0.30 0.13 -0.18
-0.60 0.35 0.12 -0.21
-0.60 0.40 0.10 -0.24
-0.60 0.45 0.08 -0.27
-0.60 0.50 0.05 -0.30
-0.60 0.55 0.03 -0.33
-0.60 0.60 -0.00 -0.36
-0.60 0.65 -0.03 -0.39
-0.60 0.70 -0.07 -0.42
-0.60 0.75 -0.10 -0.45
-0.60 0.80 -0.14 -0.48
-0.60 0.85 -0.18 -0.51
-0.60 0.90 -0.23 -0.54
-0.60 0.95 -0.27 -0.57
-0.55 -1.00 -0.35 0.55
-0.55 -0.95 -0.30 0.52
-0.55 -0.90 -0.25 0.49
-0.55 -0.85 -0.21 0.47
-0.55 -0.80 -0.17 0.44
-0.55 -0.75 -0.13 0.41
-0.55 -0.70 -0.09 0.38
-0.55 -0.65 -0.06 0.36
-0.55 -0.60 -0.03 0.33
-0.55 -0.55 0.00 0.30
-0.55 -0.50 0.03 0.27
-0.55 -0.45 0.05 0.25
-0.55 -0.40 0.07 0.22
-0.55 -0.35 0.09 0.19
-0.55 -0.30 0.11 0.16
-0.55 -0.25 0.12 0.14
-0.55 -0.20 0.13 0.11
-0.55 -0.15 0.14 0.08
-0.55 -0.10 0.15 0.05
-0.55 -0.05 0.15 0.03
-0.55 0.00 0.15 -0.00
-0.55 0.05 0.15 -0.03
-0.55 0.10 0.15 -0.06
-0.55 0.15 0.14 -0.08
-0.55 0.20 0.13 -0.11
-0.55 0.25 0.12 -0.14
-0.55 0.30 0.11 -0.17
-0.55 0.35 0.09 -0.19
-0.55 0.40 0.07 -0.22
-0.55 0.45 0.05 -0.25
-0.55 0.50 0.03 -0.28
-0.55 0.55 -0.00 -0.30
-0.55 0.60 -0.03 -0.33
-0.55 0.65 -0.06 -0.36
-0.55 0.70 -0.09 -0.39
-0.55 0.75 -0.13 -0.41
-0.55 0.80 -0.17 -0.44
-0.55 0.85 -0.21 -0.47
-0.55 0.90 -0.25 -0.50
-0.55 0.95 -0.30 -0.52
-0.50 -1.00 -0.38 0.50
-0.50 -0.95 -0.33 0.47
-0.50 -0.90 -0.28 0.45
-0.50 -0.85 -0.24 0.42
-0.50 -0.80 -0.20 0.40
-0.50 -0.75 -0.16 0.37
-0.50 -0.70 -0.12 0.35
-0.50 -0.65 -0.09 0.32
-0.50 -0.60 -0.06 0.30
-0.50 -0.55 -0.03 0.27
-0.50 -0.50 0.00 0.25
-0.50 -0.45 0.02 0.22
-0.50 -0.40 0.04 0.20
-0.50 -0.35 0.06 0.17
-0.50 -0.30 0.08 0.15
-0.50 -0.25 0.09 0.12
-0.50 -0.20 0.10 0.10
-0.50 -0.15 0.11 0.07
-0.50 -0.10 0.12 0.05
-0.50 -0.05 0.12 0.02
-0.50 0.00 0.12 -0.00
-0.50 0.05 0.12 -0.03
-0.50 0.10 0.12 -0.05
-0.50 0.15 0.11 -0.08
-0.50 0.20 0.10 -0.10
-0.50 0.25 0.09 -0.13
-0.50 0.30 0.08 -0.15
-0.50 0.35 0.06 -0.18
-0.50 0.40 0.04 -0.20
-0.50 0.45 0.02 -0.23
-0.50 0.50 -0.00 -0.25
-0.50 0.55 -0.03 -0.28
-0.50 0.60 -0.06 -0.30
-0.50 0.65 -0.09 -0.33
-0.50 0.70 -0.12 -0.35
-0.50 0.75 -0.16 -0.38
-0.50 0.80 -0.20 -0.40
-0.50 0.85 -0.24 -0.43
-0.50 0.90 -0.28 -0.45
-0.50 0.95 -0.33 -0.48
-0.45 -1.00 -0.40 0.45
-0.45 -0.95 -0.35 0.43
-0.45 -0.90 -0.30 0.40
-0.45 -0.85 -0.26 0.38
-0.45 -0.80 -0.22 0.36
-0.45 -0.75 -0.18 0.34
-0.45 -0.70 -0.14 0.31
-0.45 -0.65 -0.11 0.29
-0.45 -0.60 -0.08 0.27
-0.45 -0.55 -0.05 0.25
-0.45 -0.50 -0.02 0.22
-0.45 -0.45 0.00 0.20
-0.45 -0.40 0.02 0.18
-0.45 -0.35 0.04 0.16
-0.45 -0.30 0.06 0.13
-0.45 -0.25 0.07 0.11
-0.45 -0.20 0.08 0.09
-0.45 -0.15 0.09 0.07
-0.45 -0.10 0.10 0.04
-0.45 -0.05 0.10 0.02
-0.45 0.00 0.10 -0.00
-0.45 0.05 0.10 -0.02
-0.45 0.10 0.10 -0.05
-0.45 0.15 0.09 -0.07
-0.45 0.20 0.08 -0.09
-0.45 0.25 0.07 -0.11
-0.45 0.30 0.06 -0.14
-0.45 0.35 0.04 -0.16
-0.45 0.40 0.02 -0.18
-0.45 0.45 -0.00 -0.20
-0.45 0.50 -0.02 -0.23
-0.45 0.55 -0.05 -0.25
-0.45 0.60 -0.08 -0.27
-0.45 0.65 -0.11 -0.29
-0.45 0.70 -0.14 -0.32
-0.45 0.75 -0.18 -0.34
-0.45 0.80 -0.22 -0.36
-0.45 0.85 -0.26 -0.38
-0.45 0.90 -0.30 -0.41
-0.45 0.95 -0.35 -0.43
-0.40 -1.00 -0.42 0.40
-0.40 -0.95 -0.37 0.38
-0.40 -0.90 -0.33 0.36
-0.40 -0.85 -0.28 0.34
-0.40 -0.80 -0.24 0.32
-0.40 -0.75 -0.20 0.30
-0.40 -0.70 -0.17 0.28
-0.40 -0.65 -0.13 0.26
-0.40 -0.60 -0.10 0.24
-0.40 -0.55 -0.07 0.22
-0.40 -0.50 -0.04 0.20
-0.40 -0.45 -0.02 0.18
-0.40 -0.40 0.00 0.16
-0.40 -0.35 0.02 0.14
-0.40 -0.30 0.03 0.12
-0.40 -0.25 0.05 0.10
-0.40 -0.20 0.06 0.08
-0.40 -0.15 0.07 0.06
-0.40 -0.10 0.07 0.04
-0.40 -0.05 0.08 0.02
-0.40 0.00 0.08 -0.00
-0.40 0.05 0.08 -0.02
-0.40 0.10 0.07 -0.04
-0.40 0.15 0.07 -0.06
-0.40 0.20 0.06 -0.08
-0.40 0.25 0.05 -0.10
-0.40 0.30 0.03 -0.12
-0.40 0.35 0.02 -0.14
-0.40 0.40 -0.00 -0.16
-0.40 0.45 -0.02 -0.18
-0.40 0.50 -0.05 -0.20
-0.40 0.55 -0.07 -0.22
-0.40 0.60 -0.10 -0.24
-0.40 0.65 -0.13 -0.26
-0.40 0.70 -0.17 -0.28
-0.40 0.75 -0.20 -0.30
-0.40 0.80 -0.24 -0.32
-0.40 0.85 -0.28 -0.34
-0.40 0.90 -0.33 -0.36
-0.40 0.95 -0.37 -0.38
-0.35 -1.00 -0.44 0.35
-0.35 -0.95 -0.39 0.33
-0.35 -0.90 -0.34 0.31
-0.35 -0.85 -0.30 0.30
-0.35 -0.80 -0.26 0.28
-0.35 -0.75 -0.22 0.26
-0.35 -0.70 -0.18 0.24
-0.35 -0.65 -0.15 0.23
-0.35 -0.60 -0.12 0.21
-0.35 -0.55 -0.09 0.19
-0.35 -0.50 -0.06 0.17
-0.35 -0.45 -0.04 0.16
-0.35 -0.40 -0.02 0.14
-0.35 -0.35 0.00 0.12
-0.35 -0.30 0.02 0.10
-0.35 -0.25 0.03 0.09
-0.35 -0.20 0.04 0.07
-0.35 -0.15 0.05 0.05
-0.35 -0.10 0.06 0.03
-0.35 -0.05 0.06 0.02
-0.35 0.00 0.06 -0.00
-0.35 0.05 0.06 -0.02
-0.35 0.10 0.06 -0.04
-0.35 0.15 0.05 -0.05
-0.35 0.20 0.04 -0.07
-0.35 0.25 0.03 -0.09
-0.35 0.30 0.02 -0.11
-0.35 0.35 -0.00 -0.12
-0.35 0.40 -0.02 -0.14
-0.35 0.45 -0.04 -0.16
-0.35 0.50 -0.06 -0.18
-0.35 0.55 -0.09 -0.19
-0.35 0.60 -0.12 -0.21
-0.35 0.65 -0.15 -0.23
-0.35 0.70 -0.18 -0.25
-0.35 0.75 -0.22 -0.26
-0.35 0.80 -0.26 -0.28
-0.35 0.85 -0.30 -0.30
-0.35 0.90 -0.34 -0.32
-0.35 0.95 -0.39 -0.33
-0.30 -1.00 -0.46 0.30
-0.30 -0.95 -0.41 0.28
-0.30 -0.90 -0.36 0.27
-0.30 -0.85 -0.32 0.25
-0.30 -0.80 -0.28 0.24
-0.30 -0.75 -0.24 0.22
-0.30 -0.70 -0.20 0.21
-0.30 -0.65 -0.17 0.19
-0.30 -0.60 -0.13 0.18
-0.30 -0.55 -0.11 0.16
-0.30 -0.50 -0.08 0.15
-0.30 -0.45 -0.06 0.13
-0.30 -0.40 -0.03 0.12
-0.30 -0.35 -0.02 0.10
-0.30 -0.30 0.00 0.09
-0.30 -0.25 0.01 0.07
-0.30 -0.20 0.02 0.06
-0.30 -0.15 0.03 0.04
-0.30 -0.10 0.04 0.03
-0.30 -0.05 0.04 0.01
-0.30 0.00 0.04 -0.00
-0.30 0.05 0.04 -0.02
-0.30 0.10 0.04 -0.03
-0.30 0.15 0.03 -0.05
-0.30 0.20 0.02 -0.06
-0.30 0.25 0.01 -0.08
-0.30 0.30 -0.00 -0.09
-0.30 0.35 -0.02 -0.11
-0.30 0.40 -0.04 -0.12
-0.30 0.45 -0.06 -0.14
-0.30 0.50 -0.08 -0.15
-0.30 0.55 -0.11 -0.17
-0.30 0.60 -0.14 -0.18
-0.30 0.65 -0.17 -0.20
-0.30 0.70 -0.20 -0.21
-0.30 0.75 -0.24 -0.23
-0.30 0.80 -0.28 -0.24
-0.30 0.85 -0.32 -0.25
-0.30 0.90 -0.36 -0.27
-0.30 0.95 -0.41 -0.28
-0.25 -1.00 -0.47 0.25
-0.25 -0.95 -0.42 0.24
-0.25 -0.90 -0.37 0.22
-0.25 -0.85 -0.33 0.21
-0.25 -0.80 -0.29 0.20
-0.25 -0.75 -0.25 0.19
-0.25 -0.70 -0.21 0.17
-0.25 -0.65 -0.18 0.16
-0.25 -0.60 -0.15 0.15
-0.25 -0.55 -0.12 0.14
-0.25 -0.50 -0.09 0.12
-0.25 -0.45 -0.07 0.11
-0.25 -0.40 -0.05 0.10
-0.25 -0.35 -0.03 0.09
-0.25 -0.30 -0.01 0.07
-0.25 -0.25 0.00 0.06
-0.25 -0.20 0.01 0.05
-0.25 -0.15 0.02 0.04
-0.25 -0.10 0.03 0.02
-0.25 -0.05 0.03 0.01
-0.25 0.00 0.03 -0.00
-0.25 0.05 0.03 -0.01
-0.25 0.10 0.03 -0.03
-0.25 0.15 0.02 -0.04
-0.25 0.20 0.01 -0.05
-0.25 0.25 -0.00 -0.06
-0.25 0.30 -0.01 -0.08
-0.25 0.35 -0.03 -0.09
-0.25 0.40 -0.05 -0.10
-0.25 0.45 -0.07 -0.11
-0.25 0.50 -0.09 -0.12
-0.25 0.55 -0.12 -0.14
-0.25 0.60 -0.15 -0.15
-0.25 0.65 -0.18 -0.16
-0.25 0.70 -0.21 -0.17
-0.25 0.75 -0.25 -0.19
-0.25 0.80 -0.29 -0.20
-0.25 0.85 -0.33 -0.21
-0.25 0.90 -0.37 -0.22
-0.25 0.95 -0.42 -0.24
-0.20 -1.00 -0.48 0.20
-0.20 -0.95 -0.43 0.19
-0.20 -0.90 -0.39 0.18
-0.20 -0.85 -0.34 0.17
-0.20 -0.80 -0.30 0.16
-0.20 -0.75 -0.26 0.15
-0.20 -0.70 -0.22 0.14
-0.20 -0.65 -0.19 0.13
-0.20 -0.60 -0.16 0.12
-0.20 -0.55 -0.13 0.11
-0.20 -0.50 -0.10 0.10
-0.20 -0.45 -0.08 0.09
-0.20 -0.40 -0.06 0.08
-0.20 -0.35 -0.04 0.07
-0.20 -0.30 -0.02 0.06
-0.20 -0.25 -0.01 0.05
-0.20 -0.20 0.00 0.04
-0.20 -0.15 0.01 0.03
-0.20 -0.10 0.01 0.02
-0.20 -0.05 0.02 0.01
-0.20 0.00 0.02 -0.00
-0.20 0.05 0.02 -0.01
-0.20 0.10 0.01 -0.02
-0.20 0.15 0.01 -0.03
-0.20 0.20 -0.00 -0.04
-0.20 0.25 -0.01 -0.05
-0.20 0.30 -0.03 -0.06
-0.20 0.35 -0.04 -0.07
-0.20 0.40 -0.06 -0.08
-0.20 0.45 -0.08 -0.09
-0.20 0.50 -0.11 -0.10
-0.20 0.55 -0.13 -0.11
-0.20 0.60 -0.16 -0.12
-0.20 0.65 -0.19 -0.13
-0.20 0.70 -0.23 -0.14
-0.20 0.75 -0.26 -0.15
-0.20 0.80 -0.30 -0.16
-0.20 0.85 -0.34 -0.17
-0.20 0.90 -0.39 -0.18
-0.20 0.95 -0.43 -0.19
-0.15 -1.00 -0.49 0.15
-0.15 -0.95 -0.44 0.14
-0.15 -0.90 -0.39 0.13
-0.15 -0.85 -0.35 0.13
-0.15 -0.80 -0.31 0.12
-0.15 -0.75 -0.27 0.11
-0.15 -0.70 -0.23 0.10
-0.15 -0.65 -0.20 0.10
-0.15 -0.60 -0.17 0.09
-0.15 -0.55 -0.14 0.08
-0.15 -0.50 -0.11 0.07
-0.15 -0.45 -0.09 0.07
-0.15 -0.40 -0.07 0.06
-0.15 -0.35 -0.05 0.05
-0.15 -0.30 -0.03 0.04
-0.15 -0.25 -0.02 0.04
-0.15 -0.20 -0.01 0.03
-0.15 -0.15 0.00 0.02
-0.15 -0.10 0.01 0.01
-0.15 -0.05 0.01 0.01
-0.15 0.00 0.01 -0.00
-0.15 0.05 0.01 -0.01
-0.15 0.10 0.01 -0.02
-0.15 0.15 -0.00 -0.02
-0.15 0.20 -0.01 -0.03
-0.15 0.25 -0.02 -0.04
-0.15 0.30 -0.03 -0.04
-0.15 0.35 -0.05 -0.05
-0.15 0.40 -0.07 -0.06
-0.15 0.45 -0.09 -0.07
-0.15 0.50 -0.11 -0.07
-0.15 0.55 -0.14 -0.08
-0.15 0.60 -0.17 -0.09
-0.15 0.65 -0.20 -0.10
-0.15 0.70 -0.23 -0.10
-0.15 0.75 -0.27 -0.11
-0.15 0.80 -0.31 -0.12
-0.15 0.85 -0.35 -0.13
-0.15 0.90 -0.39 -0.13
-0.15 0.95 -0.44 -0.14
-0.10 -1.00 -0.50 0.10
-0.10 -0.95 -0.45 0.09
-0.10 -0.90 -0.40 0.09
-0.10 -0.85 -0.36 0.08
-0.10 -0.80 -0.31 0.08
-0.10 -0.75 -0.28 0.07
-0.10 -0.70 -0.24 0.07
-0.10 -0.65 -0.21 0.06
-0.10 -0.60 -0.17 0.06
-0.10 -0.55 -0.15 0.05
-0.10 -0.50 -0.12 0.05
-0.10 -0.45 -0.10 0.04
-0.10 -0.40 -0.07 0.04
-0.10 -0.35 -0.06 0.03
-0.10 -0.30 -0.04 0.03
-0.10 -0.25 -0.03 0.02
-0.10 -0.20 -0.01 0.02
-0.10 -0.15 -0.01 0.01
-0.10 -0.10 0.00 0.01
-0.10 -0.05 0.00 0.00
-0.10 0.00 0.00 -0.00
-0.10 0.05 0.00 -0.01
-0.10 0.10 -0.00 -0.01
-0.10 0.15 -0.01 -0.01
-0.10 0.20 -0.02 -0.02
-0.10 0.25 -0.03 -0.02
-0.10 0.30 -0.04 -0.03
-0.10 0.35 -0.06 -0.03
-0.10 0.40 -0.08 -0.04
-0.10 0.45 -0.10 -0.04
-0.10 0.50 -0.12 -0.05
-0.10 0.55 -0.15 -0.05
-0.10 0.60 -0.18 -0.06
-0.10 0.65 -0.21 -0.06
-0.10 0.70 -0.24 -0.07
-0.10 0.75 -0.28 -0.07
-0.10 0.80 -0.32 -0.08
-0.10 0.85 -0.36 -0.08
-0.10 0.90 -0.40 -0.09
-0.10 0.95 -0.45 -0.09
-0.05 -1.00 -0.50 0.05
-0.05 -0.95 -0.45 0.05
-0.05 -0.90 -0.40 0.04
-0.05 -0.85 -0.36 0.04
-0.05 -0.80 -0.32 0.04
-0.05 -0.75 -0.28 0.04
-0.05 -0.70 -0.24 0.03
-0.05 -0.65 -0.21 0.03
-0.05 -0.60 -0.18 0.03
-0.05 -0.55 -0.15 0.03
-0.05 -0.50 -0.12 0.02
-0.05 -0.45 -0.10 0.02
-0.05 -0.40 -0.08 0.02
-0.05 -0.35 -0.06 0.02
-0.05 -0.30 -0.04 0.01
-0.05 -0.25 -0.03 0.01
-0.05 -0.20 -0.02 0.01
-0.05 -0.15 -0.01 0.01
-0.05 -0.10 -0.00 0.00
-0.05 -0.05 0.00 0.00
-0.05 0.00 0.00 -0.00
-0.05 0.05 -0.00 -0.00
-0.05 0.10 -0.00 -0.00
-0.05 0.15 -0.01 -0.01
-0.05 0.20 -0.02 -0.01
-0.05 0.25 -0.03 -0.01
-0.05 0.30 -0.04 -0.01
-0.05 0.35 -0.06 -0.02
-0.05 0.40 -0.08 -0.02
-0.05 0.45 -0.10 -0.02
-0.05 0.50 -0.12 -0.02
-0.05 0.55 -0.15 -0.03
-0.05 0.60 -0.18 -0.03
-0.05 0.65 -0.21 -0.03
-0.05 0.70 -0.24 -0.03
-0.05 0.75 -0.28 -0.04
-0.05 0.80 -0.32 -0.04
-0.05 0.85 -0.36 -0.04
-0.05 0.90 -0.40 -0.04
-0.05 0.95 -0.45 -0.05
0.00 -1.00 -0.50 -0.00
0.00 -0.95 -0.45 -0.00
0.00 -0.90 -0.40 -0.00
0.00 -0.85 -0.36 -0.00
0.00 -0.80 -0.32 -0.00
0.00 -0.75 -0.28 -0.00
0.00 -0.70 -0.24 -0.00
0.00 -0.65 -0.21 -0.00
0.00 -0.60 -0.18 -0.00
0.00 -0.55 -0.15 -0.00
0.00 -0.50 -0.12 -0.00
0.00 -0.45 -0.10 -0.00
0.00 -0.40 -0.08 -0.00
0.00 -0.35 -0.06 -0.00
0.00 -0.30 -0.04 -0.00
0.00 -0.25 -0.03 -0.00
0.00 -0.20 -0.02 -0.00
0.00 -0.15 -0.01 -0.00
0.00 -0.10 -0.00 -0.00
0.00 -0.05 -0.00 -0.00
0.00 0.00 0.00 0.00
0.00 0.05 -0.00 0.00
0.00 0.10 -0.01 0.00
0.00 0.15 -0.01 0.00
0.00 0.20 -0.02 0.00
0.00 0.25 -0.03 0.00
0.00 0.30 -0.05 0.00
0.00 0.35 -0.06 0.00
0.00 0.40 -0.08 0.00
0.00 0.45 -0.10 0.00
0.00 0.50 -0.13 0.00
0.00 0.55 -0.15 0.00
0.00 0.60 -0.18 0.00
0.00 0.65 -0.21 0.00
0.00 0.70 -0.25 0.00
0.00 0.75 -0.28 0.00
0.00 0.80 -0.32 0.00
0.00 0.85 -0.36 0.00
0.00 0.90 -0.41 0.00
0.00 0.95 -0.45 0.00
0.05 -1.00 -0.50 -0.05
0.05 -0.95 -0.45 -0.05
0.05 -0.90 -0.40 -0.05
0.05 -0.85 -0.36 -0.04
0.05 -0.80 -0.32 -0.04
0.05 -0.75 -0.28 -0.04
0.05 -0.70 -0.24 -0.04
0.05 -0.65 -0.21 -0.03
0.05 -0.60 -0.18 -0.03
0.05 -0.55 -0.15 -0.03
0.05 -0.50 -0.12 -0.03
0.05 -0.45 -0.10 -0.02
0.05 -0.40 -0.08 -0.02
0.05 -0.35 -0.06 -0.02
0.05 -0.30 -0.04 -0.02
0.05 -0.25 -0.03 -0.01
0.05 -0.20 -0.02 -0.01
0.05 -0.15 -0.01 -0.01
0.05 -0.10 -0.00 -0.01
0.05 -0.05 0.00 -0.00
0.05 0.00 0.00 0.00
0.05 0.05 0.00 0.00
0.05 0.10 -0.00 0.01
0.05 0.15 -0.01 0.01
0.05 0.20 -0.02 0.01
0.05 0.25 -0.03 0.01
0.05 0.30 -0.04 0.02
0.05 0.35 -0.06 0.02
0.05 0.40 -0.08 0.02
0.05 0.45 -0.10 0.02
0.05 0.50 -0.12 0.03
0.05 0.55 -0.15 0.03
0.05 0.60 -0.18 0.03
0.05 0.65 -0.21 0.03
0.05 0.70 -0.24 0.04
0.05 0.75 -0.28 0.04
0.05 0.80 -0.32 0.04
0.05 0.85 -0.36 0.04
0.05 0.90 -0.40 0.05
0.05 0.95 -0.45 0.05
0.10 -1.00 -0.49 -0.10
0.10 -0.95 -0.45 -0.10
0.10 -0.90 -0.40 -0.09
0.10 -0.85 -0.36 -0.09
0.10 -0.80 -0.31 -0.08
0.10 -0.75 -0.28 -0.08
0.10 -0.70 -0.24 -0.07
0.10 -0.65 -0.21 -0.07
0.10 -0.60 -0.17 -0.06
0.10 -0.55 -0.15 -0.06
0.10 -0.50 -0.12 -0.05
0.10 -0.45 -0.10 -0.05
0.10 -0.40 -0.07 -0.04
0.10 -0.35 -0.06 -0.04
0.10 -0.30 -0.04 -0.03
0.10 -0.25 -0.03 -0.03
0.10 -0.20 -0.01 -0.02
0.10 -0.15 -0.01 -0.02
0.10 -0.10 0.00 -0.01
0.10 -0.05 0.00 -0.00
0.10 0.00 0.01 0.00
0.10 0.05 0.00 0.01
0.10 0.10 0.00 0.01
0.10 0.15 -0.01 0.02
0.10 0.20 -0.02 0.02
0.10 0.25 -0.03 0.03
0.10 0.30 -0.04 0.03
0.10 0.35 -0.06 0.04
0.10 0.40 -0.08 0.04
0.10 0.45 -0.10 0.05
0.10 0.50 -0.12 0.05
0.10 0.55 -0.15 0.06
0.10 0.60 -0.18 0.06
0.10 0.65 -0.21 0.07
0.10 0.70 -0.24 0.07
0.10 0.75 -0.28 0.08
0.10 0.80 -0.32 0.08
0.10 0.85 -0.36 0.09
0.10 0.90 -0.40 0.09
0.10 0.95 -0.45 0.10
0.15 -1.00 -0.49 -0.15
0.15 -0.95 -0.44 -0.14
0.15 -0.90 -0.39 -0.14
0.15 -0.85 -0.35 -0.13
0.15 -0.80 -0.31 -0.12
0.15 -0.75 -0.27 -0.11
0.15 -0.70 -0.23 -0.11
0.15 -0.65 -0.20 -0.10
0.15 -0.60 -0.17 -0.09
0.15 -0.55 -0.14 -0.08
0.15 -0.50 -0.11 -0.08
0.15 -0.45 -0.09 -0.07
0.15 -0.40 -0.07 -0.06
0.15 -0.35 -0.05 -0.05
0.15 -0.30 -0.03 -0.05
0.15 -0.25 -0.02 -0.04
0.15 -0.20 -0.01 -0.03
0.15 -0.15 0.00 -0.02
0.15 -0.10 0.01 -0.01
0.15 -0.05 0.01 -0.01
0.15 0.00 0.01 0.00
0.15 0.05 0.01 0.01
0.15 0.10 0.01 0.02
0.15 0.15 0.00 0.02
0.15 0.20 -0.01 0.03
0.15 0.25 -0.02 0.04
0.15 0.30 -0.03 0.05
0.15 0.35 -0.05 0.05
0.15 0.40 -0.07 0.06
0.15 0.45 -0.09 0.07
0.15 0.50 -0.11 0.08
0.15 0.55 -0.14 0.08
0.15 0.60 -0.17 0.09
0.15 0.65 -0.20 0.10
0.15 0.70 -0.23 0.11
0.15 0.75 -0.27 0.11
0.15 0.80 -0.31 0.12
0.15 0.85 -0.35 0.13
0.15 0.90 -0.39 0.14
0.15 0.95 -0.44 0.14
0.20 -1.00 -0.48 -0.20
0.20 -0.95 -0.43 -0.19
0.20 -0.90 -0.38 -0.18
0.20 -0.85 -0.34 -0.17
0.20 -0.80 -0.30 -0.16
0.20 -0.75 -0.26 -0.15
0.20 -0.70 -0.22 -0.14
0.20 -0.65 -0.19 -0.13
0.20 -0.60 -0.16 -0.12
0.20 -0.55 -0.13 -0.11
0.20 -0.50 -0.10 -0.10
0.20 -0.45 -0.08 -0.09
0.20 -0.40 -0.06 -0.08
0.20 -0.35 -0.04 -0.07
0.20 -0.30 -0.02 -0.06
0.20 -0.25 -0.01 -0.05
0.20 -0.20 0.00 -0.04
0.20 -0.15 0.01 -0.03
0.20 -0.10 0.02 -0.02
0.20 -0.05 0.02 -0.01
0.20 0.00 0.02 0.00
0.20 0.05 0.02 0.01
0.20 0.10 0.02 0.02
0.20 0.15 0.01 0.03
0.20 0.20 0.00 0.04
0.20 0.25 -0.01 0.05
0.20 0.30 -0.03 0.06
0.20 0.35 -0.04 0.07
0.20 0.40 -0.06 0.08
0.20 0.45 -0.08 0.09
0.20 0.50 -0.11 0.10
0.20 0.55 -0.13 0.11
0.20 0.60 -0.16 0.12
0.20 0.65 -0.19 0.13
0.20 0.70 -0.23 0.14
0.20 0.75 -0.26 0.15
0.20 0.80 -0.30 0.16
0.20 0.85 -0.34 0.17
0.20 0.90 -0.39 0.18
0.20 0.95 -0.43 0.19
0.25 -1.00 -0.47 -0.25
0.25 -0.95 -0.42 -0.24
0.25 -0.90 -0.37 -0.23
0.25 -0.85 -0.33 -0.21
0.25 -0.80 -0.29 -0.20
0.25 -0.75 -0.25 -0.19
0.25 -0.70 -0.21 -0.18
0.25 -0.65 -0.18 -0.16
0.25 -0.60 -0.15 -0.15
0.25 -0.55 -0.12 -0.14
0.25 -0.50 -0.09 -0.13
0.25 -0.45 -0.07 -0.11
0.25 -0.40 -0.05 -0.10
0.25 -0.35 -0.03 -0.09
0.25 -0.30 -0.01 -0.08
0.25 -0.25 0.00 -0.06
0.25 -0.20 0.01 -0.05
0.25 -0.15 0.02 -0.04
0.25 -0.10 0.03 -0.02
0.25 -0.05 0.03 -0.01
0.25 0.00 0.03 0.00
0.25 0.05 0.03 0.01
0.25 0.10 0.03 0.03
0.25 0.15 0.02 0.04
0.25 0.20 0.01 0.05
0.25 0.25 0.00 0.06
0.25 0.30 -0.01 0.08
0.25 0.35 -0.03 0.09
0.25 0.40 -0.05 0.10
0.25 0.45 -0.07 0.11
0.25 0.50 -0.09 0.13
0.25 0.55 -0.12 0.14
0.25 0.60 -0.15 0.15
0.25 0.65 -0.18 0.16
0.25 0.70 -0.21 0.18
0.25 0.75 -0.25 0.19
0.25 0.80 -0.29 0.20
0.25 0.85 -0.33 0.21
0.25 0.90 -0.37 0.23
0.25 0.95 -0.42 0.24
0.30 -1.00 -0.45 -0.30
0.30 -0.95 -0.41 -0.29
0.30 -0.90 -0.36 -0.27
0.30 -0.85 -0.32 -0.26
0.30 -0.80 -0.27 -0.24
0.30 -0.75 -0.24 -0.23
0.30 -0.70 -0.20 -0.21
0.30 -0.65 -0.17 -0.20
0.30 -0.60 -0.13 -0.18
0.30 -0.55 -0.11 -0.17
0.30 -0.50 -0.08 -0.15
0.30 -0.45 -0.06 -0.14
0.30 -0.40 -0.03 -0.12
0.30 -0.35 -0.02 -0.11
0.30 -0.30 0.00 -0.09
0.30 -0.25 0.01 -0.08
0.30 -0.20 0.03 -0.06
0.30 -0.15 0.03 -0.04
0.30 -0.10 0.04 -0.03
0.30 -0.05 0.04 -0.01
0.30 0.00 0.05 0.00
0.30 0.05 0.04 0.02
0.30 0.10 0.04 0.03
0.30 0.15 0.03 0.05
0.30 0.20 0.03 0.06
0.30 0.25 0.01 0.08
0.30 0.30 0.00 0.09
0.30 0.35 -0.02 0.11
0.30 0.40 -0.04 0.12
0.30 0.45 -0.06 0.14
0.30 0.50 -0.08 0.15
0.30 0.55 -0.11 0.17
0.30 0.60 -0.14 0.18
0.30 0.65 -0.17 0.20
0.30 0.70 -0.20 0.21
0.30 0.75 -0.24 0.23
0.30 0.80 -0.28 0.24
0.30 0.85 -0.32 0.26
0.30 0.90 -0.36 0.27
0.30 0.95 -0.41 0.29
0.35 -1.00 -0.44 -0.35
0.35 -0.95 -0.39 -0.33
0.35 -0.90 -0.34 -0.32
0.35 -0.85 -0.30 -0.30
0.35 -0.80 -0.26 -0.28
0.35 -0.75 -0.22 -0.26
0.35 -0.70 -0.18 -0.25
0.35 -0.65 -0.15 -0.23
0.35 -0.60 -0.12 -0.21
0.35 -0.55 -0.09 -0.19
0.35 -0.50 -0.06 -0.18
0.35 -0.45 -0.04 -0.16
0.35 -0.40 -0.02 -0.14
0.35 -0.35 0.00 -0.12
0.35 -0.30 0.02 -0.11
0.35 -0.25 0.03 -0.09
0.35 -0.20 0.04 -0.07
0.35 -0.15 0.05 -0.05
0.35 -0.10 0.06 -0.03
0.35 -0.05 0.06 -0.02
0.35 0.00 0.06 0.00
0.35 0.05 0.06 0.02
0.35 0.10 0.06 0.04
0.35 0.15 0.05 0.05
0.35 0.20 0.04 0.07
0.35 0.25 0.03 0.09
0.35 0.30 0.02 0.11
0.35 0.35 0.00 0.12
0.35 0.40 -0.02 0.14
0.35 0.45 -0.04 0.16
0.35 0.50 -0.06 0.18
0.35 0.55 -0.09 0.19
0.35 0.60 -0.12 0.21
0.35 0.65 -0.15 0.23
0.35 0.70 -0.18 0.25
0.35 0.75 -0.22 0.26
0.35 0.80 -0.26 0.28
0.35 0.85 -0.30 0.30
0.35 0.90 -0.34 0.32
0.35 0.95 -0.39 0.33
0.40 -1.00 -0.42 -0.40
0.40 -0.95 -0.37 -0.38
0.40 -0.90 -0.32 -0.36
0.40 -0.85 -0.28 -0.34
0.40 -0.80 -0.24 -0.32
0.40 -0.75 -0.20 -0.30
0.40 -0.70 -0.16 -0.28
0.40 -0.65 -0.13 -0.26
0.40 -0.60 -0.10 -0.24
0.40 -0.55 -0.07 -0.22
0.40 -0.50 -0.04 -0.20
0.40 -0.45 -0.02 -0.18
0.40 -0.40 0.00 -0.16
0.40 -0.35 0.02 -0.14
0.40 -0.30 0.04 -0.12
0.40 -0.25 0.05 -0.10
0.40 -0.20 0.06 -0.08
0.40 -0.15 0.07 -0.06
0.40 -0.10 0.08 -0.04
0.40 -0.05 0.08 -0.02
0.40 0.00 0.08 0.00
0.40 0.05 0.08 0.02
0.40 0.10 0.08 0.04
0.40 0.15 0.07 0.06
0.40 0.20 0.06 0.08
0.40 0.25 0.05 0.10
0.40 0.30 0.04 0.12
0.40 0.35 0.02 0.14
0.40 0.40 0.00 0.16
0.40 0.45 -0.02 0.18
0.40 0.50 -0.05 0.20
0.40 0.55 -0.07 0.22
0.40 0.60 -0.10 0.24
0.40 0.65 -0.13 0.26
0.40 0.70 -0.17 0.28
0.40 0.75 -0.20 0.30
0.40 0.80 -0.24 0.32
0.40 0.85 -0.28 0.34
0.40 0.90 -0.33 0.36
0.40 0.95 -0.37 0.38
0.45 -1.00 -0.40 -0.45
0.45 -0.95 -0.35 -0.43
0.45 -0.90 -0.30 -0.41
0.45 -0.85 -0.26 -0.38
0.45 -0.80 -0.22 -0.36
0.45 -0.75 -0.18 -0.34
0.45 -0.70 -0.14 -0.32
0.45 -0.65 -0.11 -0.29
0.45 -0.60 -0.08 -0.27
0.45 -0.55 -0.05 -0.25
0.45 -0.50 -0.02 -0.23
0.45 -0.45 0.00 -0.20
0.45 -0.40 0.02 -0.18
0.45 -0.35 0.04 -0.16
0.45 -0.30 0.06 -0.14
0.45 -0.25 0.07 -0.11
0.45 -0.20 0.08 -0.09
0.45 -0.15 0.09 -0.07
0.45 -0.10 0.10 -0.04
0.45 -0.05 0.10 -0.02
0.45 0.00 0.10 0.00
0.45 0.05 0.10 0.02
0.45 0.10 0.10 0.05
0.45 0.15 0.09 0.07
0.45 0.20 0.08 0.09
0.45 0.25 0.07 0.11
0.45 0.30 0.06 0.14
0.45 0.35 0.04 0.16
0.45 0.40 0.02 0.18
0.45 0.45 0.00 0.20
0.45 0.50 -0.02 0.23
0.45 0.55 -0.05 0.25
0.45 0.60 -0.08 0.27
0.45 0.65 -0.11 0.29
0.45 0.70 -0.14 0.32
0.45 0.75 -0.18 0.34
0.45 0.80 -0.22 0.36
0.45 0.85 -0.26 0.38
0.45 0.90 -0.30 0.41
0.45 0.95 -0.35 0.43
0.50 -1.00 -0.37 -0.50
0.50 -0.95 -0.33 -0.48
0.50 -0.90 -0.28 -0.45
0.50 -0.85 -0.24 -0.43
0.50 -0.80 -0.19 -0.40
0.50 -0.75 -0.16 -0.38
0.50 -0.70 -0.12 -0.35
0.50 -0.65 -0.09 -0.33
0.50 -0.60 -0.05 -0.30
0.50 -0.55 -0.03 -0.28
0.50 -0.50 0.00 -0.25
0.50 -0.45 0.02 -0.23
0.50 -0.40 0.05 -0.20
0.50 -0.35 0.06 -0.18
0.50 -0.30 0.08 -0.15
0.50 -0.25 0.09 -0.12
0.50 -0.20 0.11 -0.10
0.50 -0.15 0.11 -0.07
0.50 -0.10 0.12 -0.05
0.50 -0.05 0.12 -0.02
0.50 0.00 0.13 0.00
0.50 0.05 0.12 0.03
0.50 0.10 0.12 0.05
0.50 0.15 0.11 0.08
0.50 0.20 0.11 0.10
0.50 0.25 0.09 0.13
0.50 0.30 0.08 0.15
0.50 0.35 0.06 0.18
0.50 0.40 0.05 0.20
0.50 0.45 0.02 0.23
0.50 0.50 0.00 0.25
0.50 0.55 -0.03 0.28
0.50 0.60 -0.06 0.30
0.50 0.65 -0.09 0.33
0.50 0.70 -0.12 0.35
0.50 0.75 -0.16 0.38
0.50 0.80 -0.20 0.40
0.50 0.85 -0.24 0.43
0.50 0.90 -0.28 0.45
0.50 0.95 -0.33 0.48
0.55 -1.00 -0.35 -0.55
0.55 -0.95 -0.30 -0.52
0.55 -0.90 -0.25 -0.50
0.55 -0.85 -0.21 -0.47
0.55 -0.80 -0.17 -0.44
0.55 -0.75 -0.13 -0.41
0.55 -0.70 -0.09 -0.39
0.55 -0.65 -0.06 -0.36
0.55 -0.60 -0.03 -0.33
0.55 -0.55 0.00 -0.30
0.55 -0.50 0.03 -0.28
0.55 -0.45 0.05 -0.25
0.55 -0.40 0.07 -0.22
0.55 -0.35 0.09 -0.19
0.55 -0.30 0.11 -0.17
0.55 -0.25 0.12 -0.14
0.55 -0.20 0.13 -0.11
0.55 -0.15 0.14 -0.08
0.55 -0.10 0.15 -0.05
0.55 -0.05 0.15 -0.03
0.55 0.00 0.15 0.00
0.55 0.05 0.15 0.03
0.55 0.10 0.15 0.06
0.55 0.15 0.14 0.08
0.55 0.20 0.13 0.11
0.55 0.25 0.12 0.14
0.55 0.30 0.11 0.17
0.55 0.35 0.09 0.19
0.55 0.40 0.07 0.22
0.55 0.45 0.05 0.25
0.55 0.50 0.03 0.28
0.55 0.55 0.00 0.30
0.55 0.60 -0.03 0.33
0.55 0.65 -0.06 0.36
0.55 0.70 -0.09 0.39
0.55 0.75 -0.13 0.41
0.55 0.80 -0.17 0.44
0.55 0.85 -0.21 0.47
0.55 0.90 -0.25 0.50
0.55 0.95 -0.30 0.52
0.60 -1.00 -0.32 -0.60
0.60 -0.95 -0.27 -0.57
0.60 -0.90 -0.22 -0.54
0.60 -0.85 -0.18 -0.51
0.60 -0.80 -0.14 -0.48
0.60 -0.75 -0.10 -0.45
0.60 -0.70 -0.06 -0.42
0.60 -0.65 -0.03 -0.39
0.60 -0.60 0.00 -0.36
0.60 -0.55 0.03 -0.33
0.60 -0.50 0.06 -0.30
0.60 -0.45 0.08 -0.27
0.60 -0.40 0.10 -0.24
0.60 -0.35 0.12 -0.21
0.60 -0.30 0.14 -0.18
0.60 -0.25 0.15 -0.15
0.60 -0.20 0.16 -0.12
0.60 -0.15 0.17 -0.09
0.60 -0.10 0.18 -0.06
0.60 -0.05 0.18 -0.03
0.60 0.00 0.18 0.00
0.60 0.05 0.18 0.03
0.60 0.10 0.18 0.06
0.60 0.15 0.17 0.09
0.60 0.20 0.16 0.12
0.60 0.25 0.15 0.15
0.60 0.30 0.14 0.18
0.60 0.35 0.12 0.21
0.60 0.40 0.10 0.24
0.60 0.45 0.08 0.27
0.60 0.50 0.06 0.30
0.60 0.55 0.03 0.33
0.60 0.60 0.00 0.36
0.60 0.65 -0.03 0.39
0.60 0.70 -0.07 0.42
0.60 0.75 -0.10 0.45
0.60 0.80 -0.14 0.48
0.60 0.85 -0.18 0.51
0.60 0.90 -0.23 0.54
0.60 0.95 -0.27 0.57
0.65 -1.00 -0.29 -0.65
0.65 -0.95 -0.24 -0.62
0.65 -0.90 -0.19 -0.59
0.65 -0.85 -0.15 -0.55
0.65 -0.80 -0.11 -0.52
0.65 -0.75 -0.07 -0.49
0.65 -0.70 -0.03 -0.46
0.65 -0.65 0.00 -0.42
0.65 -0.60 0.03 -0.39
0.65 -0.55 0.06 -0.36
0.65 -0.50 0.09 -0.33
0.65 -0.45 0.11 -0.29
0.65 -0.40 0.13 -0.26
0.65 -0.35 0.15 -0.23
0.65 -0.30 0.17 -0.20
0.65 -0.25 0.18 -0.16
0.65 -0.20 0.19 -0.13
0.65 -0.15 0.20 -0.10
0.65 -0.10 0.21 -0.06
0.65 -0.05 0.21 -0.03
0.65 0.00 0.21 0.00
0.65 0.05 0.21 0.03
0.65 0.10 0.21 0.07
0.65 0.15 0.20 0.10
0.65 0.20 0.19 0.13
0.65 0.25 0.18 0.16
0.65 0.30 0.17 0.20
0.65 0.35 0.15 0.23
0.65 0.40 0.13 0.26
0.65 0.45 0.11 0.29
0.65 0.50 0.09 0.33
0.65 0.55 0.06 0.36
0.65 0.60 0.03 0.39
0.65 0.65 0.00 0.42
0.65 0.70 -0.03 0.46
0.65 0.75 -0.07 0.49
0.65 0.80 -0.11 0.52
0.65 0.85 -0.15 0.55
0.65 0.90 -0.19 0.59
0.65 0.95 -0.24 0.62
0.70 -1.00 -0.25 -0.70
0.70 -0.95 -0.21 -0.67
0.70 -0.90 -0.16 -0.63
0.70 -0.85 -0.12 -0.60
0.70 -0.80 -0.07 -0.56
0.70 -0.75 -0.04 -0.53
0.70 -0.70 0.00 -0.49
0.70 -0.65 0.03 -0.46
0.70 -0.60 0.07 -0.42
0.70 -0.55 0.09 -0.39
0.70 -0.50 0.12 -0.35
0.70 -0.45 0.14 -0.32
0.70 -0.40 0.17 -0.28
0.70 -0.35 0.18 -0.25
0.70 -0.30 0.20 -0.21
0.70 -0.25 0.21 -0.17
0.70 -0.20 0.23 -0.14
0.70 -0.15 0.23 -0.10
0.70 -0.10 0.24 -0.07
0.70 -0.05 0.24 -0.03
0.70 0.00 0.25 0.00
0.70 0.05 0.24 0.04
0.70 0.10 0.24 0.07
0.70 0.15 0.23 0.11
0.70 0.20 0.23 0.14
0.70 0.25 0.21 0.18
0.70 0.30 0.20 0.21
0.70 0.35 0.18 0.25
0.70 0.40 0.17 0.28
0.70 0.45 0.14 0.32
0.70 0.50 0.12 0.35
0.70 0.55 0.09 0.39
0.70 0.60 0.07 0.42
0.70 0.65 0.03 0.46
0.70 0.70 0.00 0.49
0.70 0.75 -0.04 0.53
0.70 0.80 -0.08 0.56
0.70 0.85 -0.12 0.60
0.70 0.90 -0.16 0.63
0.70 0.95 -0.21 0.67
0.75 -1.00 -0.22 -0.75
0.75 -0.95 -0.17 -0.71
0.75 -0.90 -0.12 -0.68
0.75 -0.85 -0.08 -0.64
0.75 -0.80 -0.04 -0.60
0.75 -0.75 0.00 -0.56
0.75 -0.70 0.04 -0.53
0.75 -0.65 0.07 -0.49
0.75 -0.60 0.10 -0.45
0.75 -0.55 0.13 -0.41
0.75 -0.50 0.16 -0.38
0.75 -0.45 0.18 -0.34
0.75 -0.40 0.20 -0.30
0.75 -0.35 0.22 -0.26
0.75 -0.30 0.24 -0.23
0.75 -0.25 0.25 -0.19
0.75 -0.20 0.26 -0.15
0.75 -0.15 0.27 -0.11
0.75 -0.10 0.28 -0.07
0.75 -0.05 0.28 -0.04
0.75 0.00 0.28 0.00
0.75 0.05 0.28 0.04
0.75 0.10 0.28 0.08
0.75 0.15 0.27 0.11
0.75 0.20 0.26 0.15
0.75 0.25 0.25 0.19
0.75 0.30 0.24 0.23
0.75 0.35 0.22 0.26
0.75 0.40 0.20 0.30
0.75 0.45 0.18 0.34
0.75 0.50 0.16 0.38
0.75 0.55 0.13 0.41
0.75 0.60 0.10 0.45
0.75 0.65 0.07 0.49
0.75 0.70 0.04 0.53
0.75 0.75 0.00 0.56
0.75 0.80 -0.04 0.60
0.75 0.85 -0.08 0.64
0.75 0.90 -0.12 0.68
0.75 0.95 -0.17 0.71
0.80 -1.00 -0.18 -0.80
0.80 -0.95 -0.13 -0.76
0.80 -0.90 -0.08 -0.72
0.80 -0.85 -0.04 -0.68
0.80 -0.80 0.00 -0.64
0.80 -0.75 0.04 -0.60
0.80 -0.70 0.08 -0.56
0.80 -0.65 0.11 -0.52
0.80 -0.60 0.14 -0.48
0.80 -0.55 0.17 -0.44
0.80 -0.50 0.20 -0.40
0.80 -0.45 0.22 -0.36
0.80 -0.40 0.24 -0.32
0.80 -0.35 0.26 -0.28
0.80 -0.30 0.28 -0.24
0.80 -0.25 0.29 -0.20
0.80 -0.20 0.30 -0.16
0.80 -0.15 0.31 -0.12
0.80 -0.10 0.32 -0.08
0.80 -0.05 0.32 -0.04
0.80 0.00 0.32 0.00
0.80 0.05 0.32 0.04
0.80 0.10 0.32 0.08
0.80 0.15 0.31 0.12
0.80 0.20 0.30 0.16
0.80 0.25 0.29 0.20
0.80 0.30 0.28 0.24
0.80 0.35 0.26 0.28
0.80 0.40 0.24 0.32
0.80 0.45 0.22 0.36
0.80 0.50 0.20 0.40
0.80 0.55 0.17 0.44
0.80 0.60 0.14 0.48
0.80 0.65 0.11 0.52
0.80 0.70 0.08 0.56
0.80 0.75 0.04 0.60
0.80 0.80 0.00 0.64
0.80 0.85 -0.04 0.68
0.80 0.90 -0.09 0.72
0.80 0.95 -0.13 0.76
0.85 -1.00 -0.14 -0.85
0.85 -0.95 -0.09 -0.81
0.85 -0.90 -0.04 -0.77
0.85 -0.85 0.00 -0.72
0.85 -0.80 0.04 -0.68
0.85 -0.75 0.08 -0.64
0.85 -0.70 0.12 -0.60
0.85 -0.65 0.15 -0.55
0.85 -0.60 0.18 -0.51
0.85 -0.55 0.21 -0.47
0.85 -0.50 0.24 -0.43
0.85 -0.45 0.26 -0.38
0.85 -0.40 0.28 -0.34
0.85 -0.35 0.30 -0.30
0.85 -0.30 0.32 -0.25
0.85 -0.25 0.33 -0.21
0.85 -0.20 0.34 -0.17
0.85 -0.15 0.35 -0.13
0.85 -0.10 0.36 -0.08
0.85 -0.05 0.36 -0.04
0.85 0.00 0.36 0.00
0.85 0.05 0.36 0.04
0.85 0.10 0.36 0.09
0.85 0.15 0.35 0.13
0.85 0.20 0.34 0.17
0.85 0.25 0.33 0.21
0.85 0.30 0.32 0.26
0.85 0.35 0.30 0.30
0.85 0.40 0.28 0.34
0.85 0.45 0.26 0.38
0.85 0.50 0.24 0.43
0.85 0.55 0.21 0.47
0.85 0.60 0.18 0.51
0.85 0.65 0.15 0.55
0.85 0.70 0.12 0.60
0.85 0.75 0.08 0.64
0.85 0.80 0.04 0.68
0.85 0.85 0.00 0.72
0.85 0.90 -0.04 0.77
0.85 0.95 -0.09 0.81
0.90 -1.00 -0.09 -0.90
0.90 -0.95 -0.05 -0.86
0.90 -0.90 0.00 -0.81
0.90 -0.85 0.04 -0.77
0.90 -0.80 0.09 -0.72
0.90 -0.75 0.12 -0.68
0.90 -0.70 0.16 -0.63
0.90 -0.65 0.19 -0.59
0.90 -0.60 0.23 -0.54
0.90 -0.55 0.25 -0.50
0.90 -0.50 0.28 -0.45
0.90 -0.45 0.30 -0.41
0.90 -0.40 0.33 -0.36
0.90 -0.35 0.34 -0.32
0.90 -0.30 0.36 -0.27
0.90 -0.25 0.37 -0.22
0.90 -0.20 0.39 -0.18
0.90 -0.15 0.39 -0.13
0.90 -0.10 0.40 -0.09
0.90 -0.05 0.40 -0.04
0.90 0.00 0.41 0.00
0.90 0.05 0.40 0.05
0.90 0.10 0.40 0.09
0.90 0.15 0.39 0.14
0.90 0.20 0.39 0.18
0.90 0.25 0.37 0.23
0.90 0.30 0.36 0.27
0.90 0.35 0.34 0.32
0.90 0.40 0.33 0.36
0.90 0.45 0.30 0.41
0.90 0.50 0.28 0.45
0.90 0.55 0.25 0.50
0.90 0.60 0.23 0.54
0.90 0.65 0.19 0.59
0.90 0.70 0.16 0.63
0.90 0.75 0.12 0.68
0.90 0.80 0.09 0.72
0.90 0.85 0.04 0.77
0.90 0.90 0.00 0.81
0.90 0.95 -0.05 0.86
0.95 -1.00 -0.05 -0.95
0.95 -0.95 0.00 -0.90
0.95 -0.90 0.05 -0.86
0.95 -0.85 0.09 -0.81
0.95 -0.80 0.13 -0.76
0.95 -0.75 0.17 -0.71
0.95 -0.70 0.21 -0.67
0.95 -0.65 0.24 -0.62
0.95 -0.60 0.27 -0.57
0.95 -0.55 0.30 -0.52
0.95 -0.50 0.33 -0.48
0.95 -0.45 0.35 -0.43
0.95 -0.40 0.37 -0.38
0.95 -0.35 0.39 -0.33
0.95 -0.30 0.41 -0.28
0.95 -0.25 0.42 -0.24
0.95 -0.20 0.43 -0.19
0.95 -0.15 0.44 -0.14
0.95 -0.10 0.45 -0.09
0.95 -0.05 0.45 -0.05
0.95 0.00 0.45 0.00
0.95 0.05 0.45 0.05
0.95 0.10 0.45 0.10
0.95 0.15 0.44 0.14
0.95 0.20 0.43 0.19
0.95 0.25 0.42 0.24
0.95 0.30 0.41 0.29
0.95 0.35 0.39 0.33
0.95 0.40 0.37 0.38
0.95 0.45 0.35 0.43
0.95 0.50 0.33 0.48
0.95 0.55 0.30 0.52
0.95 0.60 0.27 0.57
0.95 0.65 0.24 0.62
0.95 0.70 0.21 0.67
0.95 0.75 0.17 0.71
0.95 0.80 0.13 0.76
0.95 0.85 0.09 0.81
0.95 0.90 0.05 0.86
0.95 0.95 0.00 0.90
3120
0 1
0 40
1 2
40 80
2 3
80 120
3 4
120 160
4 5
160 200
5 6
200 240
6 7
240 280
7 8
280 320
8 9
320 360
9 10
360 400
10 11
400 440
11 12
440 480
12 13
480 520
13 14
520 560
14 15
560 600
15 16
600 640
16 17
640 680
17 18
680 720
18 19
720 760
19 20
760 800
20 21
800 840
21 22
840 880
22 23
880 920
23 24
920 960
24 25
960 1000
25 26
1000 1040
26 27
1040 1080
27 28
1080 1120
28 29
1120 1160
29 30
1160 1200
30 31
1200 1240
31 32
1240 1280
32 33
1280 1320
33 34
1320 1360
34 35
1360 1400
35 36
1400 1440
36 37
1440 1480
37 38
1480 1520
38 39
1520 1560
40 41
1 41
41 42
41 81
42 43
81 121
43 44
121 161
44 45
161 201
45 46
201 241
46 47
241 281
47 48
281 321
48 49
321 361
49 50
361 401
50 51
401 441
51 52
441 481
52 53
481 521
53 54
521 561
54 55
561 601
55 56
601 641
56 57
641 681
57 58
681 721
58 59
721 761
59 60
761 801
60 61
801 841
61 62
841 881
62 63
881 921
63 64
921 961
64 65
961 1001
65 66
1001 1041
66 67
1041 1081
67 68
1081 1121
68 69
1121 1161
69 70
1161 1201
70 71
1201 1241
71 72
1241 1281
72 73
1281 1321
73 74
1321 1361
74 75
1361 1401
75 76
1401 1441
76 77
1441 1481
77 78
1481 1521
78 79
1521 1561
80 81
2 42
81 82
42 82
82 83
82 122
83 84
122 162
84 85
162 202
85 86
202 242
86 87
242 282
87 88
282 322
88 89
322 362
89 90
362 402
90 91
402 442
91 92
442 482
92 93
482 522
93 94
522 562
94 95
562 602
95 96
602 642
96 97
642 682
97 98
682 722
98 99
722 762
99 100
762 802
100 101
802 842
101 102
842 882
102 103
882 922
103 104
922 962
104 105
962 1002
105 106
1002 1042
106 107
1042 1082
107 108
1082 1122
108 109
1122 1162
109 110
1162 1202
110 111
1202 1242
111 112
1242 1282
112 113
1282 1322
113 114
1322 1362
114 115
1362 1402
115 116
1402 1442
116 117
1442 1482
117 118
1482 1522
118 119
1522 1562
120 121
3 43
121 122
43 83
122 123
83 123
123 124
123 163
124 125
163 203
125 126
203 243
126 127
243 283
127 128
283 323
128 129
323 363
129 130
363 403
130 131
403 443
131 132
443 483
132 133
483 523
133 134
523 563
134 135
563 603
135 136
603 643
136 137
643 683
137 138
683 723
138 139
723 763
139 140
763 803
140 141
803 843
141 142
843 883
142 143
883 923
143 144
923 963
144 145
963 1003
145 146
1003 1043
146 147
1043 1083
147 148
1083 1123
148 149
1123 1163
149 150
1163 1203
150 151
1203 1243
151 152
1243 1283
152 153
1283 1323
153 154
1323 1363
154 155
1363 1403
155 156
1403 1443
156 157
1443 1483
157 158
1483 1523
158 159
1523 1563
160 161
4 44
161 162
44 84
162 163
84 124
163 164
124 164
164 165
164 204
165 166
204 244
166 167
244 284
167 168
284 324
168 169
324 364
169 170
364 404
170 171
404 444
171 172
444 484
172 173
484 524
173 174
524 564
174 175
564 604
175 176
604 644
176 177
644 684
177 178
684 724
178 179
724 764
179 180
764 804
180 181
804 844
181 182
844 884
182 183
884 924
183 184
924 964
184 185
964 1004
185 186
1004 1044
186 187
1044 1084
187 188
1084 1124
188 189
1124 1164
189 190
1164 1204
190 191
1204 1244
191 192
1244 1284
192 193
1284 1324
193 194
1324 1364
194 195
1364 1404
195 196
1404 1444
196 197
1444 1484
197 198
1484 1524
198 199
1524 1564
200 201
5 45
201 202
45 85
202 203
85 125
203 204
125 165
204 205
165 205
205 206
205 245
206 207
245 285
207 208
285 325
208 209
325 365
209 210
365 405
210 211
405 445
211 212
445 485
212 213
485 525
213 214
525 565
214 215
565 605
215 216
605 645
216 217
645 685
217 218
685 725
218 219
725 765
219 220
765 805
220 221
805 845
221 222
845 885
222 223
885 925
223 224
925 965
224 225
965 1005
225 226
1005 1045
226 227
1045 1085
227 228
1085 1125
228 229
1125 1165
229 230
1165 1205
230 231
1205 1245
231 232
1245 1285
232 233
1285 1325
233 234
1325 1365
234 235
1365 1405
235 236
1405 1445
236 237
1445 1485
237 238
1485 1525
238 239
1525 1565
240 241
6 46
241 242
46 86
242 243
86 126
243 244
126 166
244 245
166 206
245 246
206 246
246 247
246 286
247 248
286 326
248 249
326 366
249 250
366 406
250 251
406 446
251 252
446 486
252 253
486 526
253 254
526 566
254 255
566 606
255 256
606 646
256 257
646 686
257 258
686 726
258 259
726 766
259 260
766 806
260 261
806 846
261 262
846 886
262 263
886 926
263 264
926 966
264 265
966 1006
265 266
1006 1046
266 267
1046 1086
267 268
1086 1126
268 269
1126 1166
269 270
1166 1206
270 271
1206 1246
271 272
1246 1286
272 273
1286 1326
273 274
1326 1366
274 275
1366 1406
275 276
1406 1446
276 277
1446 1486
277 278
1486 1526
278 279
1526 1566
280 281
7 47
281 282
47 87
282 283
87 127
283 284
127 167
284 285
167 207
285 286
207 247
286 287
247 287
287 288
287 327
288 289
327 367
289 290
367 407
290 291
407 447
291 292
447 487
292 293
487 527
293 294
527 567
294 295
567 607
295 296
607 647
296 297
647 687
297 298
687 727
298 299
727 767
299 300
767 807
300 301
807 847
301 302
847 887
302 303
887 927
303 304
927 967
304 305
967 1007
305 306
1007 1047
306 307
1047 1087
307 308
1087 1127
308 309
1127 1167
309 310
1167 1207
310 311
1207 1247
311 312
1247 1287
312 313
1287 1327
313 314
1327 1367
314 315
1367 1407
315 316
1407 1447
316 317
1447 1487
317 318
1487 1527
318 319
1527 1567
320 321
8 48
321 322
48 88
322 323
88 128
323 324
128 168
324 325
168 208
325 326
208 248
326 327
248 288
327 328
288 328
328 329
328 368
329 330
368 408
330 331
408 448
331 332
448 488
332 333
488 528
333 334
528 568
334 335
568 608
335 336
608 648
336 337
648 688
337 338
688 728
338 339
728 768
339 340
768 808
340 341
808 848
341 342
848 888
342 343
888 928
343 344
928 968
344 345
968 1008
345 346
1008 1048
346 347
1048 1088
347 348
1088 1128
348 349
1128 1168
349 350
1168 1208
350 351
1208 1248
351 352
1248 1288
352 353
1288 1328
353 354
1328 1368
354 355
1368 1408
355 356
1408 1448
356 357
1448 1488
357 358
1488 1528
358 359
1528 1568
360 361
9 49
361 362
49 89
362 363
89 129
363 364
129 169
364 365
169 209
365 366
209 249
366 367
249 289
367 368
289 329
368 369
329 369
369 370
369 409
370 371
409 449
371 372
449 489
372 373
489 529
373 374
529 569
374 375
569 609
375 376
609 649
376 377
649 689
377 378
689 729
378 379
729 769
379 380
769 809
380 381
809 849
381 382
849 889
382 383
889 929
383 384
929 969
384 385
969 1009
385 386
1009 1049
386 387
1049 1089
387 388
1089 1129
388 389
1129 1169
389 390
1169 1209
390 391
1209 1249
391 392
1249 1289
392 393
1289 1329
393 394
1329 1369
394 395
1369 1409
395 396
1409 1449
396 397
1449 1489
397 398
1489 1529
398 399
1529 1569
400 401
10 50
401 402
50 90
402 403
90 130
403 404
130 170
404 405
170 210
405 406
210 250
406 407
250 290
407 408
290 330
408 409
330 370
409 410
370 410
410 411
410 450
411 412
450 490
412 413
490 530
413 414
530 570
414 415
570 610
415 416
610 650
416 417
650 690
417 418
690 730
418 419
730 770
419 420
770 810
420 421
810 850
421 422
850 890
422 423
890 930
423 424
930 970
424 425
970 1010
425 426
1010 1050
426 427
1050 1090
427 428
1090 1130
428 429
1130 1170
429 430
1170 1210
430 431
1210 1250
431 432
1250 1290
432 433
1290 1330
433 434
1330 1370
434 435
1370 1410
435 436
1410 1450
436 437
1450 1490
437 438
1490 1530
438 439
1530 1570
440 441
11 51
441 442
51 91
442 443
91 131
443 444
131 171
444 445
171 211
445 446
211 251
446 447
251 291
447 448
291 331
448 449
331 371
449 450
371 411
450 451
411 451
451 452
451 491
452 453
491 531
453 454
531 571
454 455
571 611
455 456
611 651
456 457
651 691
457 458
691 731
458 459
731 771
459 460
771 811
460 461
811 851
461 462
851 891
462 463
891 931
463 464
931 971
464 465
971 1011
465 466
1011 1051
466 467
1051 1091
467 468
1091 1131
468 469
1131 1171
469 470
1171 1211
470 471
1211 1251
471 472
1251 1291
472 473
1291 1331
473 474
1331 1371
474 475
1371 1411
475 476
1411 1451
476 477
1451 1491
477 478
1491 1531
478 479
1531 1571
480 481
12 52
481 482
52 92
482 483
92 132
483 484
132 172
484 485
172 212
485 486
212 252
486 487
252 292
487 488
292 332
488 489
332 372
489 490
372 412
490 491
412 452
491 492
452 492
492 493
492 532
493 494
532 572
494 495
572 612
495 496
612 652
496 497
652 692
497 498
692 732
498 499
732 772
499 500
772 812
500 501
812 852
501 502
852 892
502 503
892 932
503 504
932 972
504 505
972 1012
505 506
1012 1052
506 507
1052 1092
507 508
1092 1132
508 509
1132 1172
509 510
1172 1212
510 511
1212 1252
511 512
1252 1292
512 513
1292 1332
513 514
1332 1372
514 515
1372 1412
515 516
1412 1452
516 517
1452 1492
517 518
1492 1532
518 519
1532 1572
520 521
13 53
521 522
53 93
522 523
93 133
523 524
133 173
524 525
173 213
525 526
213 253
526 527
253 293
527 528
293 333
528 529
333 373
529 530
373 413
530 531
413 453
531 532
453 493
532 533
493 533
533 534
533 573
534 535
573 613
535 536
613 653
536 537
653 693
537 538
693 733
538 539
733 773
539 540
773 813
540 541
813 853
541 542
853 893
542 543
893 933
543 544
933 973
544 545
973 1013
545 546
1013 1053
546 547
1053 1093
547 548
1093 1133
548 549
1133 1173
549 550
1173 1213
550 551
1213 1253
551 552
1253 1293
552 553
1293 1333
553 554
1333 1373
554 555
1373 1413
555 556
1413 1453
556 557
1453 1493
557 558
1493 1533
558 559
1533 1573
560 561
14 54
561 562
54 94
562 563
94 134
563 564
134 174
564 565
174 214
565 566
214 254
566 567
254 294
567 568
294 334
568 569
334 374
569 570
374 414
570 571
414 454
571 572
454 494
572 573
494 534
573 574
534 574
574 575
574 614
575 576
614 654
576 577
654 694
577 578
694 734
578 579
734 774
579 580
774 814
580 581
814 854
581 582
854 894
582 583
894 934
583 584
934 974
584 585
974 1014
585 586
1014 1054
586 587
1054 1094
587 588
1094 1134
588 589
1134 1174
589 590
1174 1214
590 591
1214 1254
591 592
1254 1294
592 593
1294 1334
593 594
1334 1374
594 595
1374 1414
595 596
1414 1454
596 597
1454 1494
597 598
1494 1534
598 599
1534 1574
600 601
15 55
601 602
55 95
602 603
95 135
603 604
135 175
604 605
175 215
605 606
215 255
606 607
255 295
607 608
295 335
608 609
335 375
609 610
375 415
610 611
415 455
611 612
455 495
612 613
495 535
613 614
535 575
614 615
575 615
615 616
615 655
616 617
655 695
617 618
695 735
618 619
735 775
619 620
775 815
620 621
815 855
621 622
855 895
622 623
895 935
623 624
935 975
624 625
975 1015
625 626
1015 1055
626 627
1055 1095
627 628
1095 1135
628 629
1135 1175
629 630
1175 1215
630 631
1215 1255
631 632
1255 1295
632 633
1295 1335
633 634
1335 1375
634 635
1375 1415
635 636
1415 1455
636 637
1455 1495
637 638
1495 1535
638 639
1535 1575
640 641
16 56
641 642
56 96
642 643
96 136
643 644
136 176
644 645
176 216
645 646
216 256
646 647
256 296
647 648
296 336
648 649
336 376
649 650
376 416
650 651
416 456
651 652
456 496
652 653
496 536
653 654
536 576
654 655
576 616
655 656
616 656
656 657
656 696
657 658
696 736
658 659
736 776
659 660
776 816
660 661
816 856
661 662
856 896
662 663
896 936
663 664
936 976
664 665
976 1016
665 666
1016 1056
666 667
1056 1096
667 668
1096 1136
668 669
1136 1176
669 670
1176 1216
670 671
1216 1256
671 672
1256 1296
672 673
1296 1336
673 674
1336 1376
674 675
1376 1416
675 676
1416 1456
676 677
1456 1496
677 678
1496 1536
678 679
1536 1576
680 681
17 57
681 682
57 97
682 683
97 137
683 684
137 177
684 685
177 217
685 686
217 257
686 687
257 297
687 688
297 337
688 689
337 377
689 690
377 417
690 691
417 457
691 692
457 497
692 693
497 537
693 694
537 577
694 695
577 617
695 696
617 657
696 697
657 697
697 698
697 737
698 699
737 777
699 700
777 817
700 701
817 857
701 702
857 897
702 703
897 937
703 704
937 977
704 705
977 1017
705 706
1017 1057
706 707
1057 1097
707 708
1097 1137
708 709
1137 1177
709 710
1177 1217
710 711
1217 1257
711 712
1257 1297
712 713
1297 1337
713 714
1337 1377
714 715
1377 1417
715 716
1417 1457
716 717
1457 1497
717 718
1497 1537
718 719
1537 1577
720 721
18 58
721 722
58 98
722 723
98 138
723 724
138 178
724 725
178 218
725 726
218 258
726 727
258 298
727 728
298 338
728 729
338 378
729 730
378 418
730 731
418 458
731 732
458 498
732 733
498 538
733 734
538 578
734 735
578 618
735 736
618 658
736 737
658 698
737 738
698 738
738 739
738 778
739 740
778 818
740 741
818 858
741 742
858 898
742 743
898 938
743 744
938 978
744 745
978 1018
745 746
1018 1058
746 747
1058 1098
747 748
1098 1138
748 749
1138 1178
749 750
1178 1218
750 751
1218 1258
751 752
1258 1298
752 753
1298 1338
753 754
1338 1378
754 755
1378 1418
755 756
1418 1458
756 757
1458 1498
757 758
1498 1538
758 759
1538 1578
760 761
19 59
761 762
59 99
762 763
99 139
763 764
139 179
764 765
179 219
765 766
219 259
766 767
259 299
767 768
299 339
768 769
339 379
769 770
379 419
770 771
419 459
771 772
459 499
772 773
499 539
773 774
539 579
774 775
579 619
775 776
619 659
776 777
659 699
777 778
699 739
778 779
739 779
779 780
779 819
780 781
819 859
781 782
859 899
782 783
899 939
783 784
939 979
784 785
979 1019
785 786
1019 1059
786 787
1059 1099
787 788
1099 1139
788 789
1139 1179
789 790
1179 1219
790 791
1219 1259
791 792
1259 1299
792 793
1299 1339
793 794
1339 1379
794 795
1379 1419
795 796
1419 1459
796 797
1459 1499
797 798
1499 1539
798 799
1539 1579
800 801
20 60
801 802
60 100
802 803
100 140
803 804
140 180
804 805
180 220
805 806
220 260
806 807
260 300
807 808
300 340
808 809
340 380
809 810
380 420
810 811
420 460
811 812
460 500
812 813
500 540
813 814
540 580
814 815
580 620
815 816
620 660
816 817
660 700
817 818
700 740
818 819
740 780
819 820
780 820
820 821
820 860
821 822
860 900
822 823
900 940
823 824
940 980
824 825
980 1020
825 826
1020 1060
826 827
1060 1100
827 828
1100 1140
828 829
1140 1180
829 830
1180 1220
830 831
1220 1260
831 832
1260 1300
832 833
1300 1340
833 834
1340 1380
834 835
1380 1420
835 836
1420 1460
836 837
1460 1500
837 838
1500 1540
838 839
1540 1580
840 841
21 61
841 842
61 101
842 843
101 141
843 844
141 181
844 845
181 221
845 846
221 261
846 847
261 301
847 848
301 341
848 849
341 381
849 850
381 421
850 851
421 461
851 852
461 501
852 853
501 541
853 854
541 581
854 855
581 621
855 856
621 661
856 857
661 701
857 858
701 741
858 859
741 781
859 860
781 821
860 861
821 861
861 862
861 901
862 863
901 941
863 864
941 981
864 865
981 1021
865 866
1021 1061
866 867
1061 1101
867 868
1101 1141
868 869
1141 1181
869 870
1181 1221
870 871
1221 1261
871 872
1261 1301
872 873
1301 1341
873 874
1341 1381
874 875
1381 1421
875 876
1421 1461
876 877
1461 1501
877 878
1501 1541
878 879
1541 1581
880 881
22 62
881 882
62 102
882 883
102 142
883 884
142 182
884 885
182 222
885 886
222 262
886 887
262 302
887 888
302 342
888 889
342 382
889 890
382 422
890 891
422 462
891 892
462 502
892 893
502 542
893 894
542 582
894 895
582 622
895 896
622 662
896 897
662 702
897 898
702 742
898 899
742 782
899 900
782 822
900 901
822 862
901 902
862 902
902 903
902 942
903 904
942 982
904 905
982 1022
905 906
1022 1062
906 907
1062 1102
907 908
1102 1142
908 909
1142 1182
909 910
1182 1222
910 911
1222 1262
911 912
1262 1302
912 913
1302 1342
913 914
1342 1382
914 915
1382 1422
915 916
1422 1462
916 917
1462 1502
917 918
1502 1542
918 919
1542 1582
920 921
23 63
921 922
63 103
922 923
103 143
923 924
143 183
924 925
183 223
925 926
223 263
926 927
263 303
927 928
303 343
928 929
343 383
929 930
383 423
930 931
423 463
931 932
463 503
932 933
503 543
933 934
543 583
934 935
583 623
935 936
623 663
936 937
663 703
937 938
703 743
938 939
743 783
939 940
783 823
940 941
823 863
941 942
863 903
942 943
903 943
943 944
943 983
944 945
983 1023
945 946
1023 1063
946 947
1063 1103
947 948
1103 1143
948 949
1143 1183
949 950
1183 1223
950 951
1223 1263
951 952
1263 1303
952 953
1303 1343
953 954
1343 1383
954 955
1383 1423
955 956
1423 1463
956 957
1463 1503
957 958
1503 1543
958 959
1543 1583
960 961
24 64
961 962
64 104
962 963
104 144
963 964
144 184
964 965
184 224
965 966
224 264
966 967
264 304
967 968
304 344
968 969
344 384
969 970
384 424
970 971
424 464
971 972
464 504
972 973
504 544
973 974
544 584
974 975
584 624
975 976
624 664
976 977
664 704
977 978
704 744
978 979
744 784
979 980
784 824
980 981
824 864
981 982
864 904
982 983
904 944
983 984
944 984
984 985
984 1024
985 986
1024 1064
986 987
1064 1104
987 988
1104 1144
988 989
1144 1184
989 990
1184 1224
990 991
1224 1264
991 992
1264 1304
992 993
1304 1344
993 994
1344 1384
994 995
1384 1424
995 996
1424 1464
996 997
1464 1504
997 998
1504 1544
998 999
1544 1584
1000 1001
25 65
1001 1002
65 105
1002 1003
105 145
1003 1004
145 185
1004 1005
185 225
1005 1006
225 265
1006 1007
265 305
1007 1008
305 345
1008 1009
345 385
1009 1010
385 425
1010 1011
425 465
1011 1012
465 505
1012 1013
505 545
1013 1014
545 585
1014 1015
585 625
1015 1016
625 665
1016 1017
665 705
1017 1018
705 745
1018 1019
745 785
1019 1020
785 825
1020 1021
825 865
1021 1022
865 905
1022 1023
905 945
1023 1024
945 985
1024 1025
985 1025
1025 1026
1025 1065
1026 1027
1065 1105
1027 1028
1105 1145
1028 1029
1145 1185
1029 1030
1185 1225
1030 1031
1225 1265
1031 1032
1265 1305
1032 1033
1305 1345
1033 1034
1345 1385
1034 1035
1385 1425
1035 1036
1425 1465
1036 1037
1465 1505
1037 1038
1505 1545
1038 1039
1545 1585
1040 1041
26 66
1041 1042
66 106
1042 1043
106 146
1043 1044
146 186
1044 1045
186 226
1045 1046
226 266
1046 1047
266 306
1047 1048
306 346
1048 1049
346 386
1049 1050
386 426
1050 1051
426 466
1051 1052
466 506
1052 1053
506 546
1053 1054
546 586
1054 1055
586 626
1055 1056
626 666
1056 1057
666 706
1057 1058
706 746
1058 1059
746 786
1059 1060
786 826
1060 1061
826 866
1061 1062
866 906
1062 1063
906 946
1063 1064
946 986
1064 1065
986 1026
1065 1066
1026 1066
1066 1067
1066 1106
1067 1068
1106 1146
1068 1069
1146 1186
1069 1070
1186 1226
1070 1071
1226 1266
1071 1072
1266 1306
1072 1073
1306 1346
1073 1074
1346 1386
1074 1075
1386 1426
1075 1076
1426 1466
1076 1077
1466 1506
1077 1078
1506 1546
1078 1079
1546 1586
1080 1081
27 67
1081 1082
67 107
1082 1083
107 147
1083 1084
147 187
1084 1085
187 227
1085 1086
227 267
1086 1087
267 307
1087 1088
307 347
1088 1089
347 387
1089 1090
387 427
1090 1091
427 467
1091 1092
467 507
1092 1093
507 547
1093 1094
547 587
1094 1095
587 627
1095 1096
627 667
1096 1097
667 707
1097 1098
707 747
1098 1099
747 787
1099 1100
787 827
1100 1101
827 867
1101 1102
867 907
1102 1103
907 947
1103 1104
947 987
1104 1105
987 1027
1105 1106
1027 1067
1106 1107
1067 1107
1107 1108
1107 1147
1108 1109
1147 1187
1109 1110
1187 1227
1110 1111
1227 1267
1111 1112
1267 1307
1112 1113
1307 1347
1113 1114
1347 1387
1114 1115
1387 1427
1115 1116
1427 1467
1116 1117
1467 1507
1117 1118
1507 1547
1118 1119
1547 1587
1120 1121
28 68
1121 1122
68 108
1122 1123
108 148
1123 1124
148 188
1124 1125
188 228
1125 1126
228 268
1126 1127
268 308
1127 1128
308 348
1128 1129
348 388
1129 1130
388 428
1130 1131
428 468
1131 1132
468 508
1132 1133
508 548
1133 1134
548 588
1134 1135
588 628
1135 1136
628 668
1136 1137
668 708
1137 1138
708 748
1138 1139
748 788
1139 1140
788 828
1140 1141
828 868
1141 1142
868 908
1142 1143
908 948
1143 1144
948 988
1144 1145
988 1028
1145 1146
1028 1068
1146 1147
1068 1108
1147 1148
1108 1148
1148 1149
1148 1188
1149 1150
1188 1228
1150 1151
1228 1268
1151 1152
1268 1308
1152 1153
1308 1348
1153 1154
1348 1388
1154 1155
1388 1428
1155 1156
1428 1468
1156 1157
1468 1508
1157 1158
1508 1548
1158 1159
1548 1588
1160 1161
29 69
1161 1162
69 109
1162 1163
109 149
1163 1164
149 189
1164 1165
189 229
1165 1166
229 269
1166 1167
269 309
1167 1168
309 349
1168 1169
349 389
1169 1170
389 429
1170 1171
429 469
1171 1172
469 509
1172 1173
509 549
1173 1174
549 589
1174 1175
589 629
1175 1176
629 669
1176 1177
669 709
1177 1178
709 749
1178 1179
749 789
1179 1180
789 829
1180 1181
829 869
1181 1182
869 909
1182 1183
909 949
1183 1184
949 989
1184 1185
989 1029
1185 1186
1029 1069
1186 1187
1069 1109
1187 1188
1109 1149
1188 1189
1149 1189
1189 1190
1189 1229
1190 1191
1229 1269
1191 1192
1269 1309
1192 1193
1309 1349
1193 1194
1349 1389
1194 1195
1389 1429
1195 1196
1429 1469
1196 1197
1469 1509
1197 1198
1509 1549
1198 1199
1549 1589
1200 1201
30 70
1201 1202
70 110
1202 1203
110 150
1203 1204
150 190
1204 1205
190 230
1205 1206
230 270
1206 1207
270 310
1207 1208
310 350
1208 1209
350 390
1209 1210
390 430
1210 1211
430 470
1211 1212
470 510
1212 1213
510 550
1213 1214
550 590
1214 1215
590 630
1215 1216
630 670
1216 1217
670 710
1217 1218
710 750
1218 1219
750 790
1219 1220
790 830
1220 1221
830 870
1221 1222
870 910
1222 1223
910 950
1223 1224
950 990
1224 1225
990 1030
1225 1226
1030 1070
1226 1227
1070 1110
1227 1228
1110 1150
1228 1229
1150 1190
1229 1230
1190 1230
1230 1231
1230 1270
1231 1232
1270 1310
1232 1233
1310 1350
1233 1234
1350 1390
1234 1235
1390 1430
1235 1236
1430 1470
1236 1237
1470 1510
1237 1238
1510 1550
1238 1239
1550 1590
1240 1241
31 71
1241 1242
71 111
1242 1243
111 151
1243 1244
151 191
1244 1245
191 231
1245 1246
231 271
1246 1247
271 311
1247 1248
311 351
1248 1249
351 391
1249 1250
391 431
1250 1251
431 471
1251 1252
471 511
1252 1253
511 551
1253 1254
551 591
1254 1255
591 631
1255 1256
631 671
1256 1257
671 711
1257 1258
711 751
1258 1259
751 791
1259 1260
791 831
1260 1261
831 871
1261 1262
871 911
1262 1263
911 951
1263 1264
951 991
1264 1265
991 1031
1265 1266
1031 1071
1266 1267
1071 1111
1267 1268
1111 1151
1268 1269
1151 1191
1269 1270
1191 1231
1270 1271
1231 1271
1271 1272
1271 1311
1272 1273
1311 1351
1273 1274
1351 1391
1274 1275
1391 1431
1275 1276
1431 1471
1276 1277
1471 1511
1277 1278
1511 1551
1278 1279
1551 1591
1280 1281
32 72
1281 1282
72 112
1282 1283
112 152
1283 1284
152 192
1284 1285
192 232
1285 1286
232 272
1286 1287
272 312
1287 1288
312 352
1288 1289
352 392
1289 1290
392 432
1290 1291
432 472
1291 1292
472 512
1292 1293
512 552
1293 1294
552 592
1294 1295
592 632
1295 1296
632 672
1296 1297
672 712
1297 1298
712 752
1298 1299
752 792
1299 1300
792 832
1300 1301
832 872
1301 1302
872 912
1302 1303
912 952
1303 1304
952 992
1304 1305
992 1032
1305 1306
1032 1072
1306 1307
1072 1112
1307 1308
1112 1152
1308 1309
1152 1192
1309 1310
1192 1232
1310 1311
1232 1272
1311 1312
1272 1312
1312 1313
1312 1352
1313 1314
1352 1392
1314 1315
1392 1432
1315 1316
1432 1472
1316 1317
1472 1512
1317 1318
1512 1552
1318 1319
1552 1592
1320 1321
33 73
1321 1322
73 113
1322 1323
113 153
1323 1324
153 193
1324 1325
193 233
1325 1326
233 273
1326 1327
273 313
1327 1328
313 353
1328 1329
353 393
1329 1330
393 433
1330 1331
433 473
1331 1332
473 513
1332 1333
513 553
1333 1334
553 593
1334 1335
593 633
1335 1336
633 673
1336 1337
673 713
1337 1338
713 753
1338 1339
753 793
1339 1340
793 833
1340 1341
833 873
1341 1342
873 913
1342 1343
913 953
1343 1344
953 993
1344 1345
993 1033
1345 1346
1033 1073
1346 1347
1073 1113
1347 1348
1113 1153
1348 1349
1153 1193
1349 1350
1193 1233
1350 1351
1233 1273
1351 1352
1273 1313
1352 1353
1313 1353
1353 1354
1353 1393
1354 1355
1393 1433
1355 1356
1433 1473
1356 1357
1473 1513
1357 1358
1513 1553
1358 1359
1553 1593
1360 1361
34 74
1361 1362
74 114
1362 1363
114 154
1363 1364
154 194
1364 1365
194 234
1365 1366
234 274
1366 1367
274 314
1367 1368
314 354
1368 1369
354 394
1369 1370
394 434
1370 1371
434 474
1371 1372
474 514
1372 1373
514 554
1373 1374
554 594
1374 1375
594 634
1375 1376
634 674
1376 1377
674 714
1377 1378
714 754
1378 1379
754 794
1379 1380
794 834
1380 1381
834 874
1381 1382
874 914
1382 1383
914 954
1383 1384
954 994
1384 1385
994 1034
1385 1386
1034 1074
1386 1387
1074 1114
1387 1388
1114 1154
1388 1389
1154 1194
1389 1390
1194 1234
1390 1391
1234 1274
1391 1392
1274 1314
1392 1393
1314 1354
1393 1394
1354 1394
1394 1395
1394 1434
1395 1396
1434 1474
1396 1397
1474 1514
1397 1398
1514 1554
1398 1399
1554 1594
1400 1401
35 75
1401 1402
75 115
1402 1403
115 155
1403 1404
155 195
1404 1405
195 235
1405 1406
235 275
1406 1407
275 315
1407 1408
315 355
1408 1409
355 395
1409 1410
395 435
1410 1411
435 475
1411 1412
475 515
1412 1413
515 555
1413 1414
555 595
1414 1415
595 635
1415 1416
635 675
1416 1417
675 715
1417 1418
715 755
1418 1419
755 795
1419 1420
795 835
1420 1421
835 875
1421 1422
875 915
1422 1423
915 955
1423 1424
955 995
1424 1425
995 1035
1425 1426
1035 1075
1426 1427
1075 1115
1427 1428
1115 1155
1428 1429
1155 1195
1429 1430
1195 1235
1430 1431
1235 1275
1431 1432
1275 1315
1432 1433
1315 1355
1433 1434
1355 1395
1434 1435
1395 1435
1435 1436
1435 1475
1436 1437
1475 1515
1437 1438
1515 1555
1438 1439
1555 1595
1440 1441
36 76
1441 1442
76 116
1442 1443
116 156
1443 1444
156 196
1444 1445
196 236
1445 1446
236 276
1446 1447
276 316
1447 1448
316 356
1448 1449
356 396
1449 1450
396 436
1450 1451
436 476
1451 1452
476 516
1452 1453
516 556
1453 1454
556 596
1454 1455
596 636
1455 1456
636 676
1456 1457
676 716
1457 1458
716 756
1458 1459
756 796
1459 1460
796 836
1460 1461
836 876
1461 1462
876 916
1462 1463
916 956
1463 1464
956 996
1464 1465
996 1036
1465 1466
1036 1076
1466 1467
1076 1116
1467 1468
1116 1156
1468 1469
1156 1196
1469 1470
1196 1236
1470 1471
1236 1276
1471 1472
1276 1316
1472 1473
1316 1356
1473 1474
1356 1396
1474 1475
1396 1436
1475 1476
1436 1476
1476 1477
1476 1516
1477 1478
1516 1556
1478 1479
1556 1596
1480 1481
37 77
1481 1482
77 117
1482 1483
117 157
1483 1484
157 197
1484 1485
197 237
1485 1486
237 277
1486 1487
277 317
1487 1488
317 357
1488 1489
357 397
1489 1490
397 437
1490 1491
437 477
1491 1492
477 517
1492 1493
517 557
1493 1494
557 597
1494 1495
597 637
1495 1496
637 677
1496 1497
677 717
1497 1498
717 757
1498 1499
757 797
1499 1500
797 837
1500 1501
837 877
1501 1502
877 917
1502 1503
917 957
1503 1504
957 997
1504 1505
997 1037
1505 1506
1037 1077
1506 1507
1077 1117
1507 1508
1117 1157
1508 1509
1157 1197
1509 1510
1197 1237
1510 1511
1237 1277
1511 1512
1277 1317
1512 1513
1317 1357
1513 1514
1357 1397
1514 1515
1397 1437
1515 1516
1437 1477
1516 1517
1477 1517
1517 1518
1517 1557
1518 1519
1557 1597
1520 1521
38 78
1521 1522
78 118
1522 1523
118 158
1523 1524
158 198
1524 1525
198 238
1525 1526
238 278
1526 1527
278 318
1527 1528
318 358
1528 1529
358 398
1529 1530
398 438
1530 1531
438 478
1531 1532
478 518
1532 1533
518 558
1533 1534
558 598
1534 1535
598 638
1535 1536
638 678
1536 1537
678 718
1537 1538
718 758
1538 1539
758 798
1539 1540
798 838
1540 1541
838 878
1541 1542
878 918
1542 1543
918 958
1543 1544
958 998
1544 1545
998 1038
1545 1546
1038 1078
1546 1547
1078 1118
1547 1548
1118 1158
1548 1549
1158 1198
1549 1550
1198 1238
1550 1551
1238 1278
1551 1552
1278 1318
1552 1553
1318 1358
1553 1554
1358 1398
1554 1555
1398 1438
1555 1556
1438 1478
1556 1557
1478 1518
1557 1558
1518 1558
1558 1559
1558 1598
1560 1561
39 79
1561 1562
79 119
1562 1563
119 159
1563 1564
159 199
1564 1565
199 239
1565 1566
239 279
1566 1567
279 319
1567 1568
319 359
1568 1569
359 399
1569 1570
399 439
1570 1571
439 479
1571 1572
479 519
1572 1573
519 559
1573 1574
559 599
1574 1575
599 639
1575 1576
639 679
1576 1577
679 719
1577 1578
719 759
1578 1579
759 799
1579 1580
799 839
1580 1581
839 879
1581 1582
879 919
1582 1583
919 959
1583 1584
959 999
1584 1585
999 1039
1585 1586
1039 1079
1586 1587
1079 1119
1587 1588
1119 1159
1588 1589
1159 1199
1589 1590
1199 1239
1590 1591
1239 1279
1591 1592
1279 1319
1592 1593
1319 1359
1593 1594
1359 1399
1594 1595
1399 1439
1595 1596
1439 1479
1596 1597
1479 1519
1597 1598
1519 1559
1598 1599
1559 1599
1521
0 1 41 40 -1
1 2 42 41 -1
2 3 43 42 -1
3 4 44 43 -1
4 5 45 44 -1
5 6 46 45 -1
6 7 47 46 -1
7 8 48 47 -1
8 9 49 48 -1
9 10 50 49 -1
10 11 51 50 -1
11 12 52 51 -1
12 13 53 52 -1
13 14 54 53 -1
14 15 55 54 -1
15 16 56 55 -1
16 17 57 56 -1
17 18 58 57 -1
18 19 59 58 -1
19 20 60 59 -1
20 21 61 60 -1
21 22 62 61 -1
22 23 63 62 -1
23 24 64 63 -1
24 25 65 64 -1
25 26 66 65 -1
26 27 67 66 -1
27 28 68 67 -1
28 29 69 68 -1
29 30 70 69 -1
30 31 71 70 -1
31 32 72 71 -1
32 33 73 72 -1
33 34 74 73 -1
34 35 75 74 -1
35 36 76 75 -1
36 37 77 76 -1
37 38 78 77 -1
38 39 79 78 -1
40 41 81 80 -1
41 42 82 81 -1
42 43 83 82 -1
43 44 84 83 -1
44 45 85 84 -1
45 46 86 85 -1
46 47 87 86 -1
47 48 88 87 -1
48 49 89 88 -1
49 50 90 89 -1
50 51 91 90 -1
51 52 92 91 -1
52 53 93 92 -1
53 54 94 93 -1
54 55 95 94 -1
55 56 96 95 -1
56 57 97 96 -1
57 58 98 97 -1
58 59 99 98 -1
59 60 100 99 -1
60 61 101 100 -1
61 62 102 101 -1
62 63 103 102 -1
63 64 104 103 -1
64 65 105 104 -1
65 66 106 105 -1
66 67 107 106 -1
67 68 108 107 -1
68 69 109 108 -1
69 70 110 109 -1
70 71 111 110 -1
71 72 112 111 -1
72 73 113 112 -1
73 74 114 113 -1
74 75 115 114 -1
75 76 116 115 -1
76 77 117 116 -1
77 78 118 117 -1
78 79 119 118 -1
80 81 121 120 -1
81 82 122 121 -1
82 83 123 122 -1
83 84 124 123 -1
84 85 125 124 -1
85 86 126 125 -1
86 87 127 126 -1
87 88 128 127 -1
88 89 129 128 -1
89 90 130 129 -1
90 91 131 130 -1
91 92 132 131 -1
92 93 133 132 -1
93 94 134 133 -1
94 95 135 134 -1
95 96 136 135 -1
96 97 137 136 -1
97 98 138 137 -1
98 99 139 138 -1
99 100 140 139 -1
100 101 141 140 -1
101 102 142 141 -1
102 103 143 142 -1
103 104 144 143 -1
104 105 145 144 -1
105 106 146 145 -1
106 107 147 146 -1
107 108 148 147 -1
108 109 149 148 -1
109 110 150 149 -1
110 111 151 150 -1
111 112 152 151 -1
112 113 153 152 -1
113 114 154 153 -1
114 115 155 154 -1
115 116 156 155 -1
116 117 157 156 -1
117 118 158 157 -1
118 119 159 158 -1
120 121 161 160 -1
121 122 162 161 -1
122 123 163 162 -1
123 124 164 163 -1
124 125 165 164 -1
125 126 166 165 -1
126 127 167 166 -1
127 128 168 167 -1
128 129 169 168 -1
129 130 170 169 -1
130 131 171 170 -1
131 132 172 171 -1
132 133 173 172 -1
133 134 174 173 -1
134 135 175 174 -1
135 136 176 175 -1
136 137 177 176 -1
137 138 178 177 -1
138 139 179 178 -1
139 140 180 179 -1
140 141 181 180 -1
141 142 182 181 -1
142 143 183 182 -1
143 144 184 183 -1
144 145 185 184 -1
145 146 186 185 -1
146 147 187 186 -1
147 148 188 187 -1
148 149 189 188 -1
149 150 190 189 -1
150 151 191 190 -1
151 152 192 191 -1
152 153 193 192 -1
153 154 194 193 -1
154 155 195 194 -1
155 156 196 195 -1
156 157 197 196 -1
157 158 198 197 -1
158 159 199 198 -1
160 161 201 200 -1
161 162 202 201 -1
162 163 203 202 -1
163 164 204 203 -1
164 165 205 204 -1
165 166 206 205 -1
166 167 207 206 -1
167 168 208 207 -1
168 169 209 208 -1
169 170 210 209 -1
170 171 211 210 -1
171 172 212 211 -1
172 173 213 212 -1
173 174 214 213 -1
174 175 215 214 -1
175 176 216 215 -1
176 177 217 216 -1
177 178 218 217 -1
178 179 219 218 -1
179 180 220 219 -1
180 181 221 220 -1
181 182 222 221 -1
182 183 223 222 -1
183 184 224 223 -1
184 185 225 224 -1
185 186 226 225 -1
186 187 227 226 -1
187 188 228 227 -1
188 189 229 228 -1
189 190 230 229 -1
190 191 231 230 -1
191 192 232 231 -1
192 193 233 232 -1
193 194 234 233 -1
194 195 235 234 -1
195 196 236 235 -1
196 197 237 236 -1
197 198 238 237 -1
198 199 239 238 -1
200 201 241 240 -1
201 202 242 241 -1
202 203 243 242 -1
203 204 244 243 -1
204 205 245 244 -1
205 206 246 245 -1
206 207 247 246 -1
207 208 248 247 -1
208 209 249 248 -1
209 210 250 249 -1
210 211 251 250 -1
211 212 252 251 -1
212 213 253 252 -1
213 214 254 253 -1
214 215 255 254 -1
215 216 256 255 -1
216 217 257 256 -1
217 218 258 257 -1
218 219 259 258 -1
219 220 260 259 -1
220 221 261 260 -1
221 222 262 261 -1
222 223 263 262 -1
223 224 264 263 -1
224 225 265 264 -1
225 226 266 265 -1
226 227 267 266 -1
227 228 268 267 -1
228 229 269 268 -1
229 230 270 269 -1
230 231 271 270 -1
231 232 272 271 -1
232 233 273 272 -1
233 234 274 273 -1
234 235 275 274 -1
235 236 276 275 -1
236 237 277 276 -1
237 238 278 277 -1
238 239 279 278 -1
240 241 281 280 -1
241 242 282 281 -1
242 243 283 282 -1
243 244 284 283 -1
244 245 285 284 -1
245 246 286 285 -1
246 247 287 286 -1
247 248 288 287 -1
248 249 289 288 -1
249 250 290 289 -1
250 251 291 290 -1
251 252 292 291 -1
252 253 293 292 -1
253 254 294 293 -1
254 255 295 294 -1
255 256 296 295 -1
256 257 297 296 -1
257 258 298 297 -1
258 259 299 298 -1
259 260 300 299 -1
260 261 301 300 -1
261 262 302 301 -1
262 263 303 302 -1
263 264 304 303 -1
264 265 305 304 -1
265 266 306 305 -1
266 267 307 306 -1
267 268 308 307 -1
268 269 309 308 -1
269 270 310 309 -1
270 271 311 310 -1
271 272 312 311 -1
272 273 313 312 -1
273 274 314 313 -1
274 275 315 314 -1
275 276 316 315 -1
276 277 317 316 -1
277 278 318 317 -1
278 279 319 318 -1
280 281 321 320 -1
281 282 322 321 -1
282 283 323 322 -1
283 284 324 323 -1
284 285 325 324 -1
285 286 326 325 -1
286 287 327 326 -1
287 288 328 327 -1
288 289 329 328 -1
289 290 330 329 -1
290 291 331 330 -1
291 292 332 331 -1
292 293 333 332 -1
293 294 334 333 -1
294 295 335 334 -1
295 296 336 335 -1
296 297 337 336 -1
297 298 338 337 -1
298 299 339 338 -1
299 300 340 339 -1
300 301 341 340 -1
301 302 342 341 -1
302 303 343 342 -1
303 304 344 343 -1
304 305 345 344 -1
305 306 346 345 -1
306 307 347 346 -1
307 308 348 347 -1
308 309 349 348 -1
309 310 350 349 -1
310 311 351 350 -1
311 312 352 351 -1
312 313 353 352 -1
313 314 354 353 -1
314 315 355 354 -1
315 316 356 355 -1
316 317 357 356 -1
317 318 358 357 -1
318 319 359 358 -1
320 321 361 360 -1
321 322 362 361 -1
322 323 363 362 -1
323 324 364 363 -1
324 325 365 364 -1
325 326 366 365 -1
326 327 367 366 -1
327 328 368 367 -1
328 329 369 368 -1
329 330 370 369 -1
330 331 371 370 -1
331 332 372 371 -1
332 333 373 372 -1
333 334 374 373 -1
334 335 375 374 -1
335 336 376 375 -1
336 337 377 376 -1
337 338 378 377 -1
338 339 379 378 -1
339 340 380 379 -1
340 341 381 380 -1
341 342 382 381 -1
342 343 383 382 -1
343 344 384 383 -1
344 345 385 384 -1
345 346 386 385 -1
346 347 387 386 -1
347 348 388 387 -1
348 349 389 388 -1
349 350 390 389 -1
350 351 391 390 -1
351 352 392 391 -1
352 353 393 392 -1
353 354 394 393 -1
354 355 395 394 -1
355 356 396 395 -1
356 357 397 396 -1
357 358 398 397 -1
358 359 399 398 -1
360 361 401 400 -1
361 362 402 401 -1
362 363 403 402 -1
363 364 404 403 -1
364 365 405 404 -1
365 366 406 405 -1
366 367 407 406 -1
367 368 408 407 -1
368 369 409 408 -1
369 370 410 409 -1
370 371 411 410 -1
371 372 412 411 -1
372 373 413 412 -1
373 374 414 413 -1
374 375 415 414 -1
375 376 416 415 -1
376 377 417 416 -1
377 378 418 417 -1
378 379 419 418 -1
379 380 420 419 -1
380 381 421 420 -1
381 382 422 421 -1
382 383 423 422 -1
383 384 424 423 -1
384 385 425 424 -1
385 386 426 425 -1
386 387 427 426 -1
387 388 428 427 -1
388 389 429 428 -1
389 390 430 429 -1
390 391 431 430 -1
391 392 432 431 -1
392 393 433 432 -1
393 394 434 433 -1
394 395 435 434 -1
395 396 436 435 -1
396 397 437 436 -1
397 398 438 437 -1
398 399 439 438 -1
400 401 441 440 -1
401 402 442 441 -1
402 403 443 442 -1
403 404 444 443 -1
404 405 445 444 -1
405 406 446 445 -1
406 407 447 446 -1
407 408 448 447 -1
408 409 449 448 -1
409 410 450 449 -1
410 411 451 450 -1
411 412 452 451 -1
412 413 453 452 -1
413 414 454 453 -1
414 415 455 454 -1
415 416 456 455 -1
416 417 457 456 -1
417 418 458 457 -1
418 419 459 458 -1
419 420 460 459 -1
420 421 461 460 -1
421 422 462 461 -1
422 423 463 462 -1
423 424 464 463 -1
424 425 465 464 -1
425 426 466 465 -1
426 427 467 466 -1
427 428 468 467 -1
428 429 469 468 -1
429 430 470 469 -1
430 431 471 470 -1
431 432 472 471 -1
432 433 473 472 -1
433 434 474 473 -1
434 435 475 474 -1
435 436 476 475 -1
436 437 477 476 -1
437 438 478 477 -1
438 439 479 478 -1
440 441 481 480 -1
441 442 482 481 -1
442 443 483 482 -1
443 444 484 483 -1
444 445 485 484 -1
445 446 486 485 -1
446 447 487 486 -1
447 448 488 487 -1
448 449 489 488 -1
449 450 490 489 -1
450 451 491 490 -1
451 452 492 491 -1
452 453 493 492 -1
453 454 494 493 -1
454 455 495 494 -1
455 456 496 495 -1
456 457 497 496 -1
457 458 498 497 -1
458 459 499 498 -1
459 460 500 499 -1
460 461 501 500 -1
461 462 502 501 -1
462 463 503 502 -1
463 464 504 503 -1
464 465 505 504 -1
465 466 506 505 -1
466 467 507 506 -1
467 468 508 507 -1
468 469 509 508 -1
469 470 510 509 -1
470 471 511 510 -1
471 472 512 511 -1
472 473 513 512 -1
473 474 514 513 -1
474 475 515 514 -1
475 476 516 515 -1
476 477 517 516 -1
477 478 518 517 -1
478 479 519 518 -1
480 481 521 520 -1
481 482 522 521 -1
482 483 523 522 -1
483 484 524 523 -1
484 485 525 524 -1
485 486 526 525 -1
486 487 527 526 -1
487 488 528 527 -1
488 489 529 528 -1
489 490 530 529 -1
490 491 531 530 -1
491 492 532 531 -1
492 493 533 532 -1
493 494 534 533 -1
494 495 535 534 -1
495 496 536 535 -1
496 497 537 536 -1
497 498 538 537 -1
498 499 539 538 -1
499 500 540 539 -1
500 501 541 540 -1
501 502 542 541 -1
502 503 543 542 -1
503 504 544 543 -1
504 505 545 544 -1
505 506 546 545 -1
506 507 547 546 -1
507 508 548 547 -1
508 509 549 548 -1
509 510 550 549 -1
510 511 551 550 -1
511 512 552 551 -1
512 513 553 552 -1
513 514 554 553 -1
514 515 555 554 -1
515 516 556 555 -1
516 517 557 556 -1
517 518 558 557 -1
518 519 559 558 -1
520 521 561 560 -1
521 522 562 561 -1
522 523 563 562 -1
523 524 564 563 -1
524 525 565 564 -1
525 526 566 565 -1
526 527 567 566 -1
527 528 568 567 -1
528 529 569 568 -1
529 530 570 569 -1
530 531 571 570 -1
531 532 572 571 -1
532 533 573 572 -1
533 534 574 573 -1
534 535 575 574 -1
535 536 576 575 -1
536 537 577 576 -1
537 538 578 577 -1
538 539 579 578 -1
539 540 580 579 -1
540 541 581 580 -1
541 542 582 581 -1
542 543 583 582 -1
543 544 584 583 -1
544 545 585 584 -1
545 546 586 585 -1
546 547 587 586 -1
547 548 588 587 -1
548 549 589 588 -1
549 550 590 589 -1
550 551 591 590 -1
551 552 592 591 -1
552 553 593 592 -1
553 554 594 593 -1
554 555 595 594 -1
555 556 596 595 -1
556 557 597 596 -1
557 558 598 597 -1
558 559 599 598 -1
560 561 601 600 -1
561 562 602 601 -1
562 563 603 602 -1
563 564 604 603 -1
564 565 605 604 -1
565 566 606 605 -1
566 567 607 606 -1
567 568 608 607 -1
568 569 609 608 -1
569 570 610 609 -1
570 571 611 610 -1
571 572 612 611 -1
572 573 613 612 -1
573 574 614 613 -1
574 575 615 614 -1
575 576 616 615 -1
576 577 617 616 -1
577 578 618 617 -1
578 579 619 618 -1
579 580 620 619 -1
580 581 621 620 -1
581 582 622 621 -1
582 583 623 622 -1
583 584 624 623 -1
584 585 625 624 -1
585 586 626 625 -1
586 587 627 626 -1
587 588 628 627 -1
588 589 629 628 -1
589 590 630 629 -1
590 591 631 630 -1
591 592 632 631 -1
592 593 633 632 -1
593 594 634 633 -1
594 595 635 634 -1
595 596 636 635 -1
596 597 637 636 -1
597 598 638 637 -1
598 599 639 638 -1
600 601 641 640 -1
601 602 642 641 -1
602 603 643 642 -1
603 604 644 643 -1
604 605 645 644 -1
605 606 646 645 -1
606 607 647 646 -1
607 608 648 647 -1
608 609 649 648 -1
609 610 650 649 -1
610 611 651 650 -1
611 612 652 651 -1
612 613 653 652 -1
613 614 654 653 -1
614 615 655 654 -1
615 616 656 655 -1
616 617 657 656 -1
617 618 658 657 -1
618 619 659 658 -1
619 620 660 659 -1
620 621 661 660 -1
621 622 662 661 -1
622 623 663 662 -1
623 624 664 663 -1
624 625 665 664 -1
625 626 666 665 -1
626 627 667 666 -1
627 628 668 667 -1
628 629 669 668 -1
629 630 670 669 -1
630 631 671 670 -1
631 632 672 671 -1
632 633 673 672 -1
633 634 674 673 -1
634 635 675 674 -1
635 636 676 675 -1
636 637 677 676 -1
637 638 678 677 -1
638 639 679 678 -1
640 641 681 680 -1
641 642 682 681 -1
642 643 683 682 -1
643 644 684 683 -1
644 645 685 684 -1
645 646 686 685 -1
646 647 687 686 -1
647 648 688 687 -1
648 649 689 688 -1
649 650 690 689 -1
650 651 691 690 -1
651 652 692 691 -1
652 653 693 692 -1
653 654 694 693 -1
654 655 695 694 -1
655 656 696 695 -1
656 657 697 696 -1
657 658 698 697 -1
658 659 699 698 -1
659 660 700 699 -1
660 661 701 700 -1
661 662 702 701 -1
662 663 703 702 -1
663 664 704 703 -1
664 665 705 704 -1
665 666 706 705 -1
666 667 707 706 -1
667 668 708 707 -1
668 669 709 708 -1
669 670 710 709 -1
670 671 711 710 -1
671 672 712 711 -1
672 673 713 712 -1
673 674 714 713 -1
674 675 715 714 -1
675 676 716 715 -1
676 677 717 716 -1
677 678 718 717 -1
678 679 719 718 -1
680 681 721 720 -1
681 682 722 721 -1
682 683 723 722 -1
683 684 724 723 -1
684 685 725 724 -1
685 686 726 725 -1
686 687 727 726 -1
687 688 728 727 -1
688 689 729 728 -1
689 690 730 729 -1
690 691 731 730 -1
691 692 732 731 -1
692 693 733 732 -1
693 694 734 733 -1
694 695 735 734 -1
695 696 736 735 -1
696 697 737 736 -1
697 698 738 737 -1
698 699 739 738 -1
699 700 740 739 -1
700 701 741 740 -1
701 702 742 741 -1
702 703 743 742 -1
703 704 744 743 -1
704 705 745 744 -1
705 706 746 745 -1
706 707 747 746 -1
707 708 748 747 -1
708 709 749 748 -1
709 710 750 749 -1
710 711 751 750 -1
711 712 752 751 -1
712 713 753 752 -1
713 714 754 753 -1
714 715 755 754 -1
715 716 756 755 -1
716 717 757 756 -1
717 718 758 757 -1
718 719 759 758 -1
720 721 761 760 -1
721 722 762 761 -1
722 723 763 762 -1
723 724 764 763 -1
724 725 765 764 -1
725 726 766 765 -1
726 727 767 766 -1
727 728 768 767 -1
728 729 769 768 -1
729 730 770 769 -1
730 731 771 770 -1
731 732 772 771 -1
732 733 773 772 -1
733 734 774 773 -1
734 735 775 774 -1
735 736 776 775 -1
736 737 777 776 -1
737 738 778 777 -1
738 739 779 778 -1
739 740 780 779 -1
740 741 781 780 -1
741 742 782 781 -1
742 743 783 782 -1
743 744 784 783 -1
744 745 785 784 -1
745 746 786 785 -1
746 747 787 786 -1
747 748 788 787 -1
748 749 789 788 -1
749 750 790 789 -1
750 751 791 790 -1
751 752 792 791 -1
752 753 793 792 -1
753 754 794 793 -1
754 755 795 794 -1
755 756 796 795 -1
756 757 797 796 -1
757 758 798 797 -1
758 759 799 798 -1
760 761 801 800 -1
761 762 802 801 -1
762 763 803 802 -1
763 764 804 803 -1
764 765 805 804 -1
765 766 806 805 -1
766 767 807 806 -1
767 768 808 807 -1
768 769 809 808 -1
769 770 810 809 -1
770 771 811 810 -1
771 772 812 811 -1
772 773 813 812 -1
773 774 814 813 -1
774 775 815 814 -1
775 776 816 815 -1
776 777 817 816 -1
777 778 818 817 -1
778 779 819 818 -1
779 780 820 819 -1
780 781 821 820 -1
781 782 822 821 -1
782 783 823 822 -1
783 784 824 823 -1
784 785 825 824 -1
785 786 826 825 -1
786 787 827 826 -1
787 788 828 827 -1
788 789 829 828 -1
789 790 830 829 -1
790 791 831 830 -1
791 792 832 831 -1
792 793 833 832 -1
793 794 834 833 -1
794 795 835 834 -1
795 796 836 835 -1
796 797 837 836 -1
797 798 838 837 -1
798 799 839 838 -1
800 801 841 840 -1
801 802 842 841 -1
802 803 843 842 -1
803 804 844 843 -1
804 805 845 844 -1
805 806 846 845 -1
806 807 847 846 -1
807 808 848 847 -1
808 809 849 848 -1
809 810 850 849 -1
810 811 851 850 -1
811 812 852 851 -1
812 813 853 852 -1
813 814 854 853 -1
814 815 855 854 -1
815 816 856 855 -1
816 817 857 856 -1
817 818 858 857 -1
818 819 859 858 -1
819 820 860 859 -1
820 821 861 860 -1
821 822 862 861 -1
822 823 863 862 -1
823 824 864 863 -1
824 825 865 864 -1
825 826 866 865 -1
826 827 867 866 -1
827 828 868 867 -1
828 829 869 868 -1
829 830 870 869 -1
830 831 871 870 -1
831 832 872 871 -1
832 833 873 872 -1
833 834 874 873 -1
834 835 875 874 -1
835 836 876 875 -1
836 837 877 876 -1
837 838 878 877 -1
838 839 879 878 -1
840 841 881 880 -1
841 842 882 881 -1
842 843 883 882 -1
843 844 884 883 -1
844 845 885 884 -1
845 846 886 885 -1
846 847 887 886 -1
847 848 888 887 -1
848 849 889 888 -1
849 850 890 889 -1
850 851 891 890 -1
851 852 892 891 -1
852 853 893 892 -1
853 854 894 893 -1
854 855 895 894 -1
855 856 896 895 -1
856 857 897 896 -1
857 858 898 897 -1
858 859 899 898 -1
859 860 900 899 -1
860 861 901 900 -1
861 862 902 901 -1
862 863 903 902 -1
863 864 904 903 -1
864 865 905 904 -1
865 866 906 905 -1
866 867 907 906 -1
867 868 908 907 -1
868 869 909 908 -1
869 870 910 909 -1
870 871 911 910 -1
871 872 912 911 -1
872 873 913 912 -1
873 874 914 913 -1
874 875 915 914 -1
875 876 916 915 -1
876 877 917 916 -1
877 878 918 917 -1
878 879 919 918 -1
880 881 921 920 -1
881 882 922 921 -1
882 883 923 922 -1
883 884 924 923 -1
884 885 925 924 -1
885 886 926 925 -1
886 887 927 926 -1
887 888 928 927 -1
888 889 929 928 -1
889 890 930 929 -1
890 891 931 930 -1
891 892 932 931 -1
892 893 933 932 -1
893 894 934 933 -1
894 895 935 934 -1
895 896 936 935 -1
896 897 937 936 -1
897 898 938 937 -1
898 899 939 938 -1
899 900 940 939 -1
900 901 941 940 -1
901 902 942 941 -1
902 903 943 942 -1
903 904 944 943 -1
904 905 945 944 -1
905 906 946 945 -1
906 907 947 946 -1
907 908 948 947 -1
908 909 949 948 -1
909 910 950 949 -1
910 911 951 950 -1
911 912 952 951 -1
912 913 953 952 -1
913 914 954 953 -1
914 915 955 954 -1
915 916 956 955 -1
916 917 957 956 -1
917 918 958 957 -1
918 919 959 958 -1
920 921 961 960 -1
921 922 962 961 -1
922 923 963 962 -1
923 924 964 963 -1
924 925 965 964 -1
925 926 966 965 -1
926 927 967 966 -1
927 928 968 967 -1
928 929 969 968 -1
929 930 970 969 -1
930 931 971 970 -1
931 932 972 971 -1
932 933 973 972 -1
933 934 974 973 -1
934 935 975 974 -1
935 936 976 975 -1
936 937 977 976 -1
937 938 978 977 -1
938 939 979 978 -1
939 940 980 979 -1
940 941 981 980 -1
941 942 982 981 -1
942 943 983 982 -1
943 944 984 983 -1
944 945 985 984 -1
945 946 986 985 -1
946 947 987 986 -1
947 948 988 987 -1
948 949 989 988 -1
949 950 990 989 -1
950 951 991 990 -1
951 952 992 991 -1
952 953 993 992 -1
953 954 994 993 -1
954 955 995 994 -1
955 956 996 995 -1
956 957 997 996 -1
957 958 998 997 -1
958 959 999 998 -1
960 961 1001 1000 -1
961 962 1002 1001 -1
962 963 1003 1002 -1
963 964 1004 1003 -1
964 965 1005 1004 -1
965 966 1006 1005 -1
966 967 1007 1006 -1
967 968 1008 1007 -1
968 969 1009 1008 -1
969 970 1010 1009 -1
970 971 1011 1010 -1
971 972 1012 1011 -1
972 973 1013 1012 -1
973 974 1014 1013 -1
974 975 1015 1014 -1
975 976 1016 1015 -1
976 977 1017 1016 -1
977 978 1018 1017 -1
978 979 1019 1018 -1
979 980 1020 1019 -1
980 981 1021 1020 -1
981 982 1022 1021 -1
982 983 1023 1022 -1
983 984 1024 1023 -1
984 985 1025 1024 -1
985 986 1026 1025 -1
986 987 1027 1026 -1
987 988 1028 1027 -1
988 989 1029 1028 -1
989 990 1030 1029 -1
990 991 1031 1030 -1
991 992 1032 1031 -1
992 993 1033 1032 -1
993 994 1034 1033 -1
994 995 1035 1034 -1
995 996 1036 1035 -1
996 997 1037 1036 -1
997 998 1038 1037 -1
998 999 1039 1038 -1
1000 1001 1041 1040 -1
1001 1002 1042 1041 -1
1002 1003 1043 1042 -1
1003 1004 1044 1043 -1
1004 1005 1045 1044 -1
1005 1006 1046 1045 -1
1006 1007 1047 1046 -1
1007 1008 1048 1047 -1
1008 1009 1049 1048 -1
1009 1010 1050 1049 -1
1010 1011 1051 1050 -1
1011 1012 1052 1051 -1
1012 1013 1053 1052 -1
1013 1014 1054 1053 -1
1014 1015 1055 1054 -1
1015 1016 1056 1055 -1
1016 1017 1057 1056 -1
1017 1018 1058 1057 -1
1018 1019 1059 1058 -1
1019 1020 1060 1059 -1
1020 1021 1061 1060 -1
1021 1022 1062 1061 -1
1022 1023 1063 1062 -1
1023 1024 1064 1063 -1
1024 1025 1065 1064 -1
1025 1026 1066 1065 -1
1026 1027 1067 1066 -1
1027 1028 1068 1067 -1
1028 1029 1069 1068 -1
1029 1030 1070 1069 -1
1030 1031 1071 1070 -1
1031 1032 1072 1071 -1
1032 1033 1073 1072 -1
1033 1034 1074 1073 -1
1034 1035 1075 1074 -1
1035 1036 1076 1075 -1
1036 1037 1077 1076 -1
1037 1038 1078 1077 -1
1038 1039 1079 1078 -1
1040 1041 1081 1080 -1
1041 1042 1082 1081 -1
1042 1043 1083 1082 -1
1043 1044 1084 1083 -1
1044 1045 1085 1084 -1
1045 1046 1086 1085 -1
1046 1047 1087 1086 -1
1047 1048 1088 1087 -1
1048 1049 1089 1088 -1
1049 1050 1090 1089 -1
1050 1051 1091 1090 -1
1051 1052 1092 1091 -1
1052 1053 1093 1092 -1
1053 1054 1094 1093 -1
1054 1055 1095 1094 -1
1055 1056 1096 1095 -1
1056 1057 1097 1096 -1
1057 1058 1098 1097 -1
1058 1059 1099 1098 -1
1059 1060 1100 1099 -1
1060 1061 1101 1100 -1
1061 1062 1102 1101 -1
1062 1063 1103 1102 -1
1063 1064 1104 1103 -1
1064 1065 1105 1104 -1
1065 1066 1106 1105 -1
1066 1067 1107 1106 -1
1067 1068 1108 1107 -1
1068 1069 1109 1108 -1
1069 1070 1110 1109 -1
1070 1071 1111 1110 -1
1071 1072 1112 1111 -1
1072 1073 1113 1112 -1
1073 1074 1114 1113 -1
1074 1075 1115 1114 -1
1075 1076 1116 1115 -1
1076 1077 1117 1116 -1
1077 1078 1118 1117 -1
1078 1079 1119 1118 -1
1080 1081 1121 1120 -1
1081 1082 1122 1121 -1
1082 1083 1123 1122 -1
1083 1084 1124 1123 -1
1084 1085 1125 1124 -1
1085 1086 1126 1125 -1
1086 1087 1127 1126 -1
1087 1088 1128 1127 -1
1088 1089 1129 1128 -1
1089 1090 1130 1129 -1
1090 1091 1131 1130 -1
1091 1092 1132 1131 -1
1092 1093 1133 1132 -1
1093 1094 1134 1133 -1
1094 1095 1135 1134 -1
1095 1096 1136 1135 -1
1096 1097 1137 1136 -1
1097 1098 1138 1137 -1
1098 1099 1139 1138 -1
1099 1100 1140 1139 -1
1100 1101 1141 1140 -1
1101 1102 1142 1141 -1
1102 1103 1143 1142 -1
1103 1104 1144 1143 -1
1104 1105 1145 1144 -1
1105 1106 1146 1145 -1
1106 1107 1147 1146 -1
1107 1108 1148 1147 -1
1108 1109 1149 1148 -1
1109 1110 1150 1149 -1
1110 1111 1151 1150 -1
1111 1112 1152 1151 -1
1112 1113 1153 1152 -1
1113 1114 1154 1153 -1
1114 1115 1155 1154 -1
1115 1116 1156 1155 -1
1116 1117 1157 1156 -1
1117 1118 1158 1157 -1
1118 1119 1159 1158 -1
1120 1121 1161 1160 -1
1121 1122 1162 1161 -1
1122 1123 1163 1162 -1
1123 1124 1164 1163 -1
1124 1125 1165 1164 -1
1125 1126 1166 1165 -1
1126 1127 1167 1166 -1
1127 1128 1168 1167 -1
1128 1129 1169 1168 -1
1129 1130 1170 1169 -1
1130 1131 1171 1170 -1
1131 1132 1172 1171 -1
1132 1133 1173 1172 -1
1133 1134 1174 1173 -1
1134 1135 1175 1174 -1
1135 1136 1176 1175 -1
1136 1137 1177 1176 -1
1137 1138 1178 1177 -1
1138 1139 1179 1178 -1
1139 1140 1180 1179 -1
1140 1141 1181 1180 -1
1141 1142 1182 1181 -1
1142 1143 1183 1182 -1
1143 1144 1184 1183 -1
1144 1145 1185 1184 -1
1145 1146 1186 1185 -1
1146 1147 1187 1186 -1
1147 1148 1188 1187 -1
1148 1149 1189 1188 -1
1149 1150 1190 1189 -1
1150 1151 1191 1190 -1
1151 1152 1192 1191 -1
1152 1153 1193 1192 -1
1153 1154 1194 1193 -1
1154 1155 1195 1194 -1
1155 1156 1196 1195 -1
1156 1157 1197 1196 -1
1157 1158 1198 1197 -1
1158 1159 1199 1198 -1
1160 1161 1201 1200 -1
1161 1162 1202 1201 -1
1162 1163 1203 1202 -1
1163 1164 1204 1203 -1
1164 1165 1205 1204 -1
1165 1166 1206 1205 -1
1166 1167 1207 1206 -1
1167 1168 1208 1207 -1
1168 1169 1209 1208 -1
1169 1170 1210 1209 -1
1170 1171 1211 1210 -1
1171 1172 1212 1211 -1
1172 1173 1213 1212 -1
1173 1174 1214 1213 -1
1174 1175 1215 1214 -1
1175 1176 1216 1215 -1
1176 1177 1217 1216 -1
1177 1178 1218 1217 -1
1178 1179 1219 1218 -1
1179 1180 1220 1219 -1
1180 1181 1221 1220 -1
1181 1182 1222 1221 -1
1182 1183 1223 1222 -1
1183 1184 1224 1223 -1
1184 1185 1225 1224 -1
1185 1186 1226 1225 -1
1186 1187 1227 1226 -1
1187 1188 1228 1227 -1
1188 1189 1229 1228 -1
1189 1190 1230 1229 -1
1190 1191 1231 1230 -1
1191 1192 1232 1231 -1
1192 1193 1233 1232 -1
1193 1194 1234 1233 -1
1194 1195 1235 1234 -1
1195 1196 1236 1235 -1
1196 1197 1237 1236 -1
1197 1198 1238 1237 -1
1198 1199 1239 1238 -1
1200 1201 1241 1240 -1
1201 1202 1242 1241 -1
1202 1203 1243 1242 -1
1203 1204 1244 1243 -1
1204 1205 1245 1244 -1
1205 1206 1246 1245 -1
1206 1207 1247 1246 -1
1207 1208 1248 1247 -1
1208 1209 1249 1248 -1
1209 1210 1250 1249 -1
1210 1211 1251 1250 -1
1211 1212 1252 1251 -1
1212 1213 1253 1252 -1
1213 1214 1254 1253 -1
1214 1215 1255 1254 -1
1215 1216 1256 1255 -1
1216 1217 1257 1256 -1
1217 1218 1258 1257 -1
1218 1219 1259 1258 -1
1219 1220 1260 1259 -1
1220 1221 1261 1260 -1
1221 1222 1262 1261 -1
1222 1223 1263 1262 -1
1223 1224 1264 1263 -1
1224 1225 1265 1264 -1
1225 1226 1266 1265 -1
1226 1227 1267 1266 -1
1227 1228 1268 1267 -1
1228 1229 1269 1268 -1
1229 1230 1270 1269 -1
1230 1231 1271 1270 -1
1231 1232 1272 1271 -1
1232 1233 1273 1272 -1
1233 1234 1274 1273 -1
1234 1235 1275 1274 -1
1235 1236 1276 1275 -1
1236 1237 1277 1276 -1
1237 1238 1278 1277 -1
1238 1239 1279 1278 -1
1240 1241 1281 1280 -1
1241 1242 1282 1281 -1
1242 1243 1283 1282 -1
1243 1244 1284 1283 -1
1244 1245 1285 1284 -1
1245 1246 1286 1285 -1
1246 1247 1287 1286 -1
1247 1248 1288 1287 -1
1248 1249 1289 1288 -1
1249 1250 1290 1289 -1
1250 1251 1291 1290 -1
1251 1252 1292 1291 -1
1252 1253 1293 1292 -1
1253 1254 1294 1293 -1
1254 1255 1295 1294 -1
1255 1256 1296 1295 -1
1256 1257 1297 1296 -1
1257 1258 1298 1297 -1
1258 1259 1299 1298 -1
1259 1260 1300 1299 -1
1260 1261 1301 1300 -1
1261 1262 1302 1301 -1
1262 1263 1303 1302 -1
1263 1264 1304 1303 -1
1264 1265 1305 1304 -1
1265 1266 1306 1305 -1
1266 1267 1307 1306 -1
1267 1268 1308 1307 -1
1268 1269 1309 1308 -1
1269 1270 1310 1309 -1
1270 1271 1311 1310 -1
1271 1272 1312 1311 -1
1272 1273 1313 1312 -1
1273 1274 1314 1313 -1
1274 1275 1315 1314 -1
1275 1276 1316 1315 -1
1276 1277 1317 1316 -1
1277 1278 1318 1317 -1
1278 1279 1319 1318 -1
1280 1281 1321 1320 -1
1281 1282 1322 1321 -1
1282 1283 1323 1322 -1
1283 1284 1324 1323 -1
1284 1285 1325 1324 -1
1285 1286 1326 1325 -1
1286 1287 1327 1326 -1
1287 1288 1328 1327 -1
1288 1289 1329 1328 -1
1289 1290 1330 1329 -1
1290 1291 1331 1330 -1
1291 1292 1332 1331 -1
1292 1293 1333 1332 -1
1293 1294 1334 1333 -1
1294 1295 1335 1334 -1
1295 1296 1336 1335 -1
1296 1297 1337 1336 -1
1297 1298 1338 1337 -1
1298 1299 1339 1338 -1
1299 1300 1340 1339 -1
1300 1301 1341 1340 -1
1301 1302 1342 1341 -1
1302 1303 1343 1342 -1
1303 1304 1344 1343 -1
1304 1305 1345 1344 -1
1305 1306 1346 1345 -1
1306 1307 1347 1346 -1
1307 1308 1348 1347 -1
1308 1309 1349 1348 -1
1309 1310 1350 1349 -1
1310 1311 1351 1350 -1
1311 1312 1352 1351 -1
1312 1313 1353 1352 -1
1313 1314 1354 1353 -1
1314 1315 1355 1354 -1
1315 1316 1356 1355 -1
1316 1317 1357 1356 -1
1317 1318 1358 1357 -1
1318 1319 1359 1358 -1
1320 1321 1361 1360 -1
1321 1322 1362 1361 -1
1322 1323 1363 1362 -1
1323 1324 1364 1363 -1
1324 1325 1365 1364 -1
1325 1326 1366 1365 -1
1326 1327 1367 1366 -1
1327 1328 1368 1367 -1
1328 1329 1369 1368 -1
1329 1330 1370 1369 -1
1330 1331 1371 1370 -1
1331 1332 1372 1371 -1
1332 1333 1373 1372 -1
1333 1334 1374 1373 -1
1334 1335 1375 1374 -1
1335 1336 1376 1375 -1
1336 1337 1377 1376 -1
1337 1338 1378 1377 -1
1338 1339 1379 1378 -1
1339 1340 1380 1379 -1
1340 1341 1381 1380 -1
1341 1342 1382 1381 -1
1342 1343 1383 1382 -1
1343 1344 1384 1383 -1
1344 1345 1385 1384 -1
1345 1346 1386 1385 -1
1346 1347 1387 1386 -1
1347 1348 1388 1387 -1
1348 1349 1389 1388 -1
1349 1350 1390 1389 -1
1350 1351 1391 1390 -1
1351 1352 1392 1391 -1
1352 1353 1393 1392 -1
1353 1354 1394 1393 -1
1354 1355 1395 1394 -1
1355 1356 1396 1395 -1
1356 1357 1397 1396 -1
1357 1358 1398 1397 -1
1358 1359 1399 1398 -1
1360 1361 1401 1400 -1
1361 1362 1402 1401 -1
1362 1363 1403 1402 -1
1363 1364 1404 1403 -1
1364 1365 1405 1404 -1
1365 1366 1406 1405 -1
1366 1367 1407 1406 -1
1367 1368 1408 1407 -1
1368 1369 1409 1408 -1
1369 1370 1410 1409 -1
1370 1371 1411 1410 -1
1371 1372 1412 1411 -1
1372 1373 1413 1412 -1
1373 1374 1414 1413 -1
1374 1375 1415 1414 -1
1375 1376 1416 1415 -1
1376 1377 1417 1416 -1
1377 1378 1418 1417 -1
1378 1379 1419 1418 -1
1379 1380 1420 1419 -1
1380 1381 1421 1420 -1
1381 1382 1422 1421 -1
1382 1383 1423 1422 -1
1383 1384 1424 1423 -1
1384 1385 1425 1424 -1
1385 1386 1426 1425 -1
1386 1387 1427 1426 -1
1387 1388 1428 1427 -1
1388 1389 1429 1428 -1
1389 1390 1430 1429 -1
1390 1391 1431 1430 -1
1391 1392 1432 1431 -1
1392 1393 1433 1432 -1
1393 1394 1434 1433 -1
1394 1395 1435 1434 -1
1395 1396 1436 1435 -1
1396 1397 1437 1436 -1
1397 1398 1438 1437 -1
1398 1399 1439 1438 -1
1400 1401 1441 1440 -1
1401 1402 1442 1441 -1
1402 1403 1443 1442 -1
1403 1404 1444 1443 -1
1404 1405 1445 1444 -1
1405 1406 1446 1445 -1
1406 1407 1447 1446 -1
1407 1408 1448 1447 -1
1408 1409 1449 1448 -1
1409 1410 1450 1449 -1
1410 1411 1451 1450 -1
1411 1412 1452 1451 -1
1412 1413 1453 1452 -1
1413 1414 1454 1453 -1
1414 1415 1455 1454 -1
1415 1416 1456 1455 -1
1416 1417 1457 1456 -1
1417 1418 1458 1457 -1
1418 1419 1459 1458 -1
1419 1420 1460 1459 -1
1420 1421 1461 1460 -1
1421 1422 1462 1461 -1
1422 1423 1463 1462 -1
1423 1424 1464 1463 -1
1424 1425 1465 1464 -1
1425 1426 1466 1465 -1
1426 1427 1467 1466 -1
1427 1428 1468 1467 -1
1428 1429 1469 1468 -1
1429 1430 1470 1469 -1
1430 1431 1471 1470 -1
1431 1432 1472 1471 -1
1432 1433 1473 1472 -1
1433 1434 1474 1473 -1
1434 1435 1475 1474 -1
1435 1436 1476 1475 -1
1436 1437 1477 1476 -1
1437 1438 1478 1477 -1
1438 1439 1479 1478 -1
1440 1441 1481 1480 -1
1441 1442 1482 1481 -1
1442 1443 1483 1482 -1
1443 1444 1484 1483 -1
1444 1445 1485 1484 -1
1445 1446 1486 1485 -1
1446 1447 1487 1486 -1
1447 1448 1488 1487 -1
1448 1449 1489 1488 -1
1449 1450 1490 1489 -1
1450 1451 1491 1490 -1
1451 1452 1492 1491 -1
1452 1453 1493 1492 -1
1453 1454 1494 1493 -1
1454 1455 1495 1494 -1
1455 1456 1496 1495 -1
1456 1457 1497 1496 -1
1457 1458 1498 1497 -1
1458 1459 1499 1498 -1
1459 1460 1500 1499 -1
1460 1461 1501 1500 -1
1461 1462 1502 1501 -1
1462 1463 1503 1502 -1
1463 1464 1504 1503 -1
1464 1465 1505 1504 -1
1465 1466 1506 1505 -1
1466 1467 1507 1506 -1
1467 1468 1508 1507 -1
1468 1469 1509 1508 -1
1469 1470 1510 1509 -1
1470 1471 1511 1510 -1
1471 1472 1512 1511 -1
1472 1473 1513 1512 -1
1473 1474 1514 1513 -1
1474 1475 1515 1514 -1
1475 1476 1516 1515 -1
1476 1477 1517 1516 -1
1477 1478 1518 1517 -1
1478 1479 1519 1518 -1
1480 1481 1521 1520 -1
1481 1482 1522 1521 -1
1482 1483 1523 1522 -1
1483 1484 1524 1523 -1
1484 1485 1525 1524 -1
1485 1486 1526 1525 -1
1486 1487 1527 1526 -1
1487 1488 1528 1527 -1
1488 1489 1529 1528 -1
1489 1490 1530 1529 -1
1490 1491 1531 1530 -1
1491 1492 1532 1531 -1
1492 1493 1533 1532 -1
1493 1494 1534 1533 -1
1494 1495 1535 1534 -1
1495 1496 1536 1535 -1
1496 1497 1537 1536 -1
1497 1498 1538 1537 -1
1498 1499 1539 1538 -1
1499 1500 1540 1539 -1
1500 1501 1541 1540 -1
1501 1502 1542 1541 -1
1502 1503 1543 1542 -1
1503 1504 1544 1543 -1
1504 1505 1545 1544 -1
1505 1506 1546 1545 -1
1506 1507 1547 1546 -1
1507 1508 1548 1547 -1
1508 1509 1549 1548 -1
1509 1510 1550 1549 -1
1510 1511 1551 1550 -1
1511 1512 1552 1551 -1
1512 1513 1553 1552 -1
1513 1514 1554 1553 -1
1514 1515 1555 1554 -1
1515 1516 1556 1555 -1
1516 1517 1557 1556 -1
1517 1518 1558 1557 -1
1518 1519 1559 1558 -1
1520 1521 1561 1560 -1
1521 1522 1562 1561 -1
1522 1523 1563 1562 -1
1523 1524 1564 1563 -1
1524 1525 1565 1564 -1
1525 1526 1566 1565 -1
1526 1527 1567 1566 -1
1527 1528 1568 1567 -1
1528 1529 1569 1568 -1
1529 1530 1570 1569 -1
1530 1531 1571 1570 -1
1531 1532 1572 1571 -1
1532 1533 1573 1572 -1
1533 1534 1574 1573 -1
1534 1535 1575 1574 -1
1535 1536 1576 1575 -1
1536 1537 1577 1576 -1
1537 1538 1578 1577 -1
1538 1539 1579 1578 -1
1539 1540 1580 1579 -1
1540 1541 1581 1580 -1
1541 1542 1582 1581 -1
1542 1543 1583 1582 -1
1543 1544 1584 1583 -1
1544 1545 1585 1584 -1
1545 1546 1586 1585 -1
1546 1547 1587 1586 -1
1547 1548 1588 1587 -1
1548 1549 1589 1588 -1
1549 1550 1590 1589 -1
1550 1551 1591 1590 -1
1551 1552 1592 1591 -1
1552 1553 1593 1592 -1
1553 1554 1594 1593 -1
1554 1555 1595 1594 -1
1555 1556 1596 1595 -1
1556 1557 1597 1596 -1
1557 1558 1598 1597 -1
1558 1559 1599 1598 -1
