24
0 0 1 1
0 1 0 1
0 1 1 0
1 0 0 1
1 0 1 0
1 1 0 0
-1 0 0 1
-1 0 1 0
-1 1 0 0
0 -1 0 1
0 -1 1 0
0 0 -1 1
0 0 1 -1
0 1 -1 0
0 1 0 -1
1 -1 0 0
1 0 -1 0
1 0 0 -1
-1 -1 0 0
-1 0 -1 0
-1 0 0 -1
0 -1 -1 0
0 -1 0 -1
0 0 -1 -1
96
8 2
10 22
18 22
8 7
13 5
9 21
3 4
16 17
0 2
22 23
16 15
2 4
16 13
11 3
9 15
18 20
0 10
6 7
19 21
21 22
10 12
2 7
0 9
18 21
1 11
16 23
2 5
21 15
2 12
10 4
19 11
4 5
19 23
21 23
16 5
0 3
9 11
3 5
17 15
1 6
17 14
12 22
2 14
17 22
8 13
12 7
13 23
4 15
4 12
16 3
20 22
9 3
8 20
16 21
14 23
20 14
10 18
22 15
18 19
13 14
0 1
1 5
8 6
19 20
9 18
9 10
1 2
17 23
20 23
10 15
8 14
17 12
17 5
8 19
11 6
9 6
0 6
18 7
10 7
16 11
0 4
11 21
20 7
8 1
17 4
0 7
18 6
1 3
11 13
19 6
1 13
12 20
3 15
12 14
5 14
19 13
0
