49
-1.50 -1.50 0.75 -2.36
-1.50 -1.00 0.59 -2.55
-1.50 -0.50 0.46 -2.82
-1.50 0.00 0.41 3.14
-1.50 0.50 0.46 2.82
-1.50 1.00 0.59 2.55
-1.50 1.50 0.75 2.36
-1.00 -1.50 0.59 -2.16
-1.00 -1.00 0.35 -2.36
-1.00 -0.50 0.11 -2.68
-1.00 0.00 0.00 3.14
-1.00 0.50 0.11 2.68
-1.00 1.00 0.35 2.36
-1.00 1.50 0.59 2.16
-0.50 -1.50 0.46 -1.89
-0.50 -1.00 0.11 -2.03
-0.50 -0.50 -0.35 -2.36
-0.50 0.00 -0.69 3.14
-0.50 0.50 -0.35 2.36
-0.50 1.00 0.11 2.03
-0.50 1.50 0.46 1.89
0.00 -1.50 0.41 -1.57
0.00 -1.00 0.00 -1.57
0.00 -0.50 -0.69 -1.57
0.00 0.00 -11.17 0.79
0.00 0.50 -0.69 1.57
0.00 1.00 0.00 1.57
0.00 1.50 0.41 1.57
0.50 -1.50 0.46 -1.25
0.50 -1.00 0.11 -1.11
0.50 -0.50 -0.35 -0.79
0.50 0.00 -0.69 0.00
0.50 0.50 -0.35 0.79
0.50 1.00 0.11 1.11
0.50 1.50 0.46 1.25
1.00 -1.50 0.59 -0.98
1.00 -1.00 0.35 -0.79
1.00 -0.50 0.11 -0.46
1.00 0.00 0.00 0.00
1.00 0.50 0.11 0.46
1.00 1.00 0.35 0.79
1.00 1.50 0.59 0.98
1.50 -1.50 0.75 -0.79
1.50 -1.00 0.59 -0.59
1.50 -0.50 0.46 -0.32
1.50 0.00 0.41 0.00
1.50 0.50 0.46 0.32
1.50 1.00 0.59 0.59
1.50 1.50 0.75 0.79
84
0 1
0 7
1 2
7 14
2 3
14 21
3 4
21 28
4 5
28 35
5 6
35 42
7 8
1 8
8 9
8 15
9 10
15 22
10 11
22 29
11 12
29 36
12 13
36 43
14 15
2 9
15 16
9 16
16 17
16 23
17 18
23 30
18 19
30 37
19 20
37 44
21 22
3 10
22 23
10 17
23 24
17 24
24 25
24 31
25 26
31 38
26 27
38 45
28 29
4 11
29 30
11 18
30 31
18 25
31 32
25 32
32 33
32 39
33 34
39 46
35 36
5 12
36 37
12 19
37 38
19 26
38 39
26 33
39 40
33 40
40 41
40 47
42 43
6 13
43 44
13 20
44 45
20 27
45 46
27 34
46 47
34 41
47 48
41 48
0
