20
1. 1. 1.
1. 1. -1.
1. -1. -1.
1. -1. 1.
-1. -1. 1.
-1. -1. -1.
-1. 1. -1.
-1. 1. 1.
0. 0.618 1.618
0. -0.618 1.618
0. -0.618 -1.618
0. 0.618 -1.618
0.618 1.618 0.
-0.618 1.618 0.
-0.618 -1.618 0.
0.618 -1.618 0.
1.618 0. 0.618
1.618 0. -0.618
-1.618 0. -0.618
-1.618 0. 0.618
30
0 8
3 9
4 9
7 8
8 9
1 11
2 10
5 10
6 11
10 11
0 12
1 12
6 13
7 13
12 13
2 15
3 15
4 14
5 14
14 15
0 16
1 17
2 17
3 16
16 17
4 19
5 18
6 18
7 19
18 19
12
0 16 17 1 12 -1
0 12 13 7 8 -1
7 13 6 18 14 -1
13 12 1 11 6 -1
0 8 9 3 16 -1
3 15 2 17 16 -1
1 17 2 10 11 -1
6 11 10 5 18 -1
5 14 4 19 18 -1
7 14 4 9 8 -1
3 9 4 14 15 -1
5 10 2 15 14 -1
