25
-1.00 -1.00 0.00 2.00
-1.00 -0.50 0.75 1.00
-1.00 0.00 1.00 -0.00
-1.00 0.50 0.75 -1.00
-1.00 1.00 0.00 -2.00
-0.50 -1.00 -0.75 1.00
-0.50 -0.50 0.00 0.50
-0.50 0.00 0.25 -0.00
-0.50 0.50 0.00 -0.50
-0.50 1.00 -0.75 -1.00
0.00 -1.00 -1.00 -0.00
0.00 -0.50 -0.25 -0.00
0.00 0.00 0.00 0.00
0.00 0.50 -0.25 0.00
0.00 1.00 -1.00 0.00
0.50 -1.00 -0.75 -1.00
0.50 -0.50 0.00 -0.50
0.50 0.00 0.25 0.00
0.50 0.50 0.00 0.50
0.50 1.00 -0.75 1.00
1.00 -1.00 0.00 -2.00
1.00 -0.50 0.75 -1.00
1.00 0.00 1.00 0.00
1.00 0.50 0.75 1.00
1.00 1.00 0.00 2.00
40
0 1
0 5
1 2
5 10
2 3
10 15
3 4
15 20
5 6
1 6
6 7
6 11
7 8
11 16
8 9
16 21
10 11
2 7
11 12
7 12
12 13
12 17
13 14
17 22
15 16
3 8
16 17
8 13
17 18
13 18
18 19
18 23
20 21
4 9
21 22
9 14
22 23
14 19
23 24
19 24
0
