125
1.75 0.00 0.00 0.00
0.54 1.66 0.00 0.00
-1.42 1.03 0.00 0.00
-1.42 -1.03 0.00 0.00
0.54 -1.66 0.00 0.00
1.23 0.00 0.71 0.00
0.38 1.17 0.71 0.00
-1.00 0.72 0.71 0.00
-1.00 -0.72 0.71 0.00
0.38 -1.17 0.71 0.00
0.39 0.00 0.44 0.00
0.12 0.37 0.44 0.00
-0.32 0.23 0.44 0.00
-0.32 -0.23 0.44 0.00
0.12 -0.37 0.44 0.00
0.39 0.00 -0.44 0.00
0.12 0.37 -0.44 0.00
-0.32 0.23 -0.44 0.00
-0.32 -0.23 -0.44 0.00
0.12 -0.37 -0.44 0.00
1.23 0.00 -0.71 0.00
0.38 1.17 -0.71 0.00
-1.00 0.72 -0.71 0.00
-1.00 -0.72 -0.71 0.00
0.38 -1.17 -0.71 0.00
1.58 0.00 0.00 0.24
0.49 1.50 0.00 0.24
-1.28 0.93 0.00 0.24
-1.28 -0.93 0.00 0.24
0.49 -1.50 0.00 0.24
1.18 0.00 0.55 0.24
0.36 1.12 0.55 0.24
-0.95 0.69 0.55 0.24
-0.95 -0.69 0.55 0.24
0.36 -1.12 0.55 0.24
0.53 0.00 0.34 0.24
0.16 0.51 0.34 0.24
-0.43 0.31 0.34 0.24
-0.43 -0.31 0.34 0.24
0.16 -0.51 0.34 0.24
0.53 0.00 -0.34 0.24
0.16 0.51 -0.34 0.24
-0.43 0.31 -0.34 0.24
-0.43 -0.31 -0.34 0.24
0.16 -0.51 -0.34 0.24
1.18 0.00 -0.55 0.24
0.36 1.12 -0.55 0.24
-0.95 0.69 -0.55 0.24
-0.95 -0.69 -0.55 0.24
0.36 -1.12 -0.55 0.24
1.30 0.00 0.00 0.15
0.40 1.23 0.00 0.15
-1.05 0.76 0.00 0.15
-1.05 -0.76 0.00 0.15
0.40 -1.23 0.00 0.15
1.09 0.00 0.28 0.15
0.34 1.04 0.28 0.15
-0.88 0.64 0.28 0.15
-0.88 -0.64 0.28 0.15
0.34 -1.04 0.28 0.15
0.76 0.00 0.18 0.15
0.23 0.72 0.18 0.15
-0.61 0.45 0.18 0.15
-0.61 -0.45 0.18 0.15
0.23 -0.72 0.18 0.15
0.76 0.00 -0.18 0.15
0.23 0.72 -0.18 0.15
-0.61 0.45 -0.18 0.15
-0.61 -0.45 -0.18 0.15
0.23 -0.72 -0.18 0.15
1.09 0.00 -0.28 0.15
0.34 1.04 -0.28 0.15
-0.88 0.64 -0.28 0.15
-0.88 -0.64 -0.28 0.15
0.34 -1.04 -0.28 0.15
1.30 0.00 0.00 -0.15
0.40 1.23 0.00 -0.15
-1.05 0.76 0.00 -0.15
-1.05 -0.76 0.00 -0.15
0.40 -1.23 0.00 -0.15
1.09 0.00 0.28 -0.15
0.34 1.04 0.28 -0.15
-0.88 0.64 0.28 -0.15
-0.88 -0.64 0.28 -0.15
0.34 -1.04 0.28 -0.15
0.76 0.00 0.18 -0.15
0.23 0.72 0.18 -0.15
-0.61 0.45 0.18 -0.15
-0.61 -0.45 0.18 -0.15
0.23 -0.72 0.18 -0.15
0.76 0.00 -0.18 -0.15
0.23 0.72 -0.18 -0.15
-0.61 0.45 -0.18 -0.15
-0.61 -0.45 -0.18 -0.15
0.23 -0.72 -0.18 -0.15
1.09 0.00 -0.28 -0.15
0.34 1.04 -0.28 -0.15
-0.88 0.64 -0.28 -0.15
-0.88 -0.64 -0.28 -0.15
0.34 -1.04 -0.28 -0.15
1.58 0.00 0.00 -0.24
0.49 1.50 0.00 -0.24
-1.28 0.93 0.00 -0.24
-1.28 -0.93 0.00 -0.24
0.49 -1.50 0.00 -0.24
1.18 0.00 0.55 -0.24
0.36 1.12 0.55 -0.24
-0.95 0.69 0.55 -0.24
-0.95 -0.69 0.55 -0.24
0.36 -1.12 0.55 -0.24
0.53 0.00 0.34 -0.24
0.16 0.51 0.34 -0.24
-0.43 0.31 0.34 -0.24
-0.43 -0.31 0.34 -0.24
0.16 -0.51 0.34 -0.24
0.53 0.00 -0.34 -0.24
0.16 0.51 -0.34 -0.24
-0.43 0.31 -0.34 -0.24
-0.43 -0.31 -0.34 -0.24
0.16 -0.51 -0.34 -0.24
1.18 0.00 -0.55 -0.24
0.36 1.12 -0.55 -0.24
-0.95 0.69 -0.55 -0.24
-0.95 -0.69 -0.55 -0.24
0.36 -1.12 -0.55 -0.24
375
0 25
0 5
0 1
1 26
1 6
1 2
2 27
2 7
2 3
3 28
3 8
3 4
4 29
4 9
4 0
5 30
5 10
5 6
6 31
6 11
6 7
7 32
7 12
7 8
8 33
8 13
8 9
9 34
9 14
9 5
10 35
10 15
10 11
11 36
11 16
11 12
12 37
12 17
12 13
13 38
13 18
13 14
14 39
14 19
14 10
15 40
15 20
15 16
16 41
16 21
16 17
17 42
17 22
17 18
18 43
18 23
18 19
19 44
19 24
19 15
20 45
20 0
20 21
21 46
21 1
21 22
22 47
22 2
22 23
23 48
23 3
23 24
24 49
24 4
24 20
25 50
25 30
25 26
26 51
26 31
26 27
27 52
27 32
27 28
28 53
28 33
28 29
29 54
29 34
29 25
30 55
30 35
30 31
31 56
31 36
31 32
32 57
32 37
32 33
33 58
33 38
33 34
34 59
34 39
34 30
35 60
35 40
35 36
36 61
36 41
36 37
37 62
37 42
37 38
38 63
38 43
38 39
39 64
39 44
39 35
40 65
40 45
40 41
41 66
41 46
41 42
42 67
42 47
42 43
43 68
43 48
43 44
44 69
44 49
44 40
45 70
45 25
45 46
46 71
46 26
46 47
47 72
47 27
47 48
48 73
48 28
48 49
49 74
49 29
49 45
50 75
50 55
50 51
51 76
51 56
51 52
52 77
52 57
52 53
53 78
53 58
53 54
54 79
54 59
54 50
55 80
55 60
55 56
56 81
56 61
56 57
57 82
57 62
57 58
58 83
58 63
58 59
59 84
59 64
59 55
60 85
60 65
60 61
61 86
61 66
61 62
62 87
62 67
62 63
63 88
63 68
63 64
64 89
64 69
64 60
65 90
65 70
65 66
66 91
66 71
66 67
67 92
67 72
67 68
68 93
68 73
68 69
69 94
69 74
69 65
70 95
70 50
70 71
71 96
71 51
71 72
72 97
72 52
72 73
73 98
73 53
73 74
74 99
74 54
74 70
75 100
75 80
75 76
76 101
76 81
76 77
77 102
77 82
77 78
78 103
78 83
78 79
79 104
79 84
79 75
80 105
80 85
80 81
81 106
81 86
81 82
82 107
82 87
82 83
83 108
83 88
83 84
84 109
84 89
84 80
85 110
85 90
85 86
86 111
86 91
86 87
87 112
87 92
87 88
88 113
88 93
88 89
89 114
89 94
89 85
90 115
90 95
90 91
91 116
91 96
91 92
92 117
92 97
92 93
93 118
93 98
93 94
94 119
94 99
94 90
95 120
95 75
95 96
96 121
96 76
96 97
97 122
97 77
97 98
98 123
98 78
98 99
99 124
99 79
99 95
100 0
100 105
100 101
101 1
101 106
101 102
102 2
102 107
102 103
103 3
103 108
103 104
104 4
104 109
104 100
105 5
105 110
105 106
106 6
106 111
106 107
107 7
107 112
107 108
108 8
108 113
108 109
109 9
109 114
109 105
110 10
110 115
110 111
111 11
111 116
111 112
112 12
112 117
112 113
113 13
113 118
113 114
114 14
114 119
114 110
115 15
115 120
115 116
116 16
116 121
116 117
117 17
117 122
117 118
118 18
118 123
118 119
119 19
119 124
119 115
120 20
120 100
120 121
121 21
121 101
121 122
122 22
122 102
122 123
123 23
123 103
123 124
124 24
124 104
124 120
125
0 5 30 25 1 6 31 26 -1 1.00 0.00 0.00 0.00
1 6 31 26 2 7 32 27 -1 0.31 0.95 0.00 0.00
2 7 32 27 3 8 33 28 -1 -0.81 0.59 0.00 0.00
3 8 33 28 4 9 34 29 -1 -0.81 -0.59 0.00 0.00
4 9 34 29 0 5 30 25 -1 0.31 -0.95 0.00 0.00
5 10 35 30 6 11 36 31 -1 0.31 0.00 0.95 0.00
6 11 36 31 7 12 37 32 -1 0.10 0.29 0.95 0.00
7 12 37 32 8 13 38 33 -1 -0.25 0.18 0.95 0.00
8 13 38 33 9 14 39 34 -1 -0.25 -0.18 0.95 0.00
9 14 39 34 5 10 35 30 -1 0.10 -0.29 0.95 0.00
10 15 40 35 11 16 41 36 -1 -0.81 -0.00 0.59 0.00
11 16 41 36 12 17 42 37 -1 -0.25 -0.77 0.59 0.00
12 17 42 37 13 18 43 38 -1 0.65 -0.48 0.59 0.00
13 18 43 38 14 19 44 39 -1 0.65 0.48 0.59 0.00
14 19 44 39 10 15 40 35 -1 -0.25 0.77 0.59 0.00
15 20 45 40 16 21 46 41 -1 -0.81 -0.00 -0.59 0.00
16 21 46 41 17 22 47 42 -1 -0.25 -0.77 -0.59 0.00
17 22 47 42 18 23 48 43 -1 0.65 -0.48 -0.59 0.00
18 23 48 43 19 24 49 44 -1 0.65 0.48 -0.59 0.00
19 24 49 44 15 20 45 40 -1 -0.25 0.77 -0.59 0.00
20 0 25 45 21 1 26 46 -1 0.31 0.00 -0.95 0.00
21 1 26 46 22 2 27 47 -1 0.10 0.29 -0.95 0.00
22 2 27 47 23 3 28 48 -1 -0.25 0.18 -0.95 0.00
23 3 28 48 24 4 29 49 -1 -0.25 -0.18 -0.95 0.00
24 4 29 49 20 0 25 45 -1 0.10 -0.29 -0.95 0.00
25 30 55 50 26 31 56 51 -1 0.31 0.00 0.00 0.95
26 31 56 51 27 32 57 52 -1 0.10 0.29 0.00 0.95
27 32 57 52 28 33 58 53 -1 -0.25 0.18 0.00 0.95
28 33 58 53 29 34 59 54 -1 -0.25 -0.18 0.00 0.95
29 34 59 54 25 30 55 50 -1 0.10 -0.29 0.00 0.95
30 35 60 55 31 36 61 56 -1 0.10 0.00 0.29 0.95
31 36 61 56 32 37 62 57 -1 0.03 0.09 0.29 0.95
32 37 62 57 33 38 63 58 -1 -0.08 0.06 0.29 0.95
33 38 63 58 34 39 64 59 -1 -0.08 -0.06 0.29 0.95
34 39 64 59 30 35 60 55 -1 0.03 -0.09 0.29 0.95
35 40 65 60 36 41 66 61 -1 -0.25 -0.00 0.18 0.95
36 41 66 61 37 42 67 62 -1 -0.08 -0.24 0.18 0.95
37 42 67 62 38 43 68 63 -1 0.20 -0.15 0.18 0.95
38 43 68 63 39 44 69 64 -1 0.20 0.15 0.18 0.95
39 44 69 64 35 40 65 60 -1 -0.08 0.24 0.18 0.95
40 45 70 65 41 46 71 66 -1 -0.25 -0.00 -0.18 0.95
41 46 71 66 42 47 72 67 -1 -0.08 -0.24 -0.18 0.95
42 47 72 67 43 48 73 68 -1 0.20 -0.15 -0.18 0.95
43 48 73 68 44 49 74 69 -1 0.20 0.15 -0.18 0.95
44 49 74 69 40 45 70 65 -1 -0.08 0.24 -0.18 0.95
45 25 50 70 46 26 51 71 -1 0.10 0.00 -0.29 0.95
46 26 51 71 47 27 52 72 -1 0.03 0.09 -0.29 0.95
47 27 52 72 48 28 53 73 -1 -0.08 0.06 -0.29 0.95
48 28 53 73 49 29 54 74 -1 -0.08 -0.06 -0.29 0.95
49 29 54 74 45 25 50 70 -1 0.03 -0.09 -0.29 0.95
50 55 80 75 51 56 81 76 -1 -0.81 -0.00 -0.00 0.59
51 56 81 76 52 57 82 77 -1 -0.25 -0.77 -0.00 0.59
52 57 82 77 53 58 83 78 -1 0.65 -0.48 -0.00 0.59
53 58 83 78 54 59 84 79 -1 0.65 0.48 -0.00 0.59
54 59 84 79 50 55 80 75 -1 -0.25 0.77 -0.00 0.59
55 60 85 80 56 61 86 81 -1 -0.25 -0.00 -0.77 0.59
56 61 86 81 57 62 87 82 -1 -0.08 -0.24 -0.77 0.59
57 62 87 82 58 63 88 83 -1 0.20 -0.15 -0.77 0.59
58 63 88 83 59 64 89 84 -1 0.20 0.15 -0.77 0.59
59 64 89 84 55 60 85 80 -1 -0.08 0.24 -0.77 0.59
60 65 90 85 61 66 91 86 -1 0.65 0.00 -0.48 0.59
61 66 91 86 62 67 92 87 -1 0.20 0.62 -0.48 0.59
62 67 92 87 63 68 93 88 -1 -0.53 0.38 -0.48 0.59
63 68 93 88 64 69 94 89 -1 -0.53 -0.38 -0.48 0.59
64 69 94 89 60 65 90 85 -1 0.20 -0.62 -0.48 0.59
65 70 95 90 66 71 96 91 -1 0.65 0.00 0.48 0.59
66 71 96 91 67 72 97 92 -1 0.20 0.62 0.48 0.59
67 72 97 92 68 73 98 93 -1 -0.53 0.38 0.48 0.59
68 73 98 93 69 74 99 94 -1 -0.53 -0.38 0.48 0.59
69 74 99 94 65 70 95 90 -1 0.20 -0.62 0.48 0.59
70 50 75 95 71 51 76 96 -1 -0.25 -0.00 0.77 0.59
71 51 76 96 72 52 77 97 -1 -0.08 -0.24 0.77 0.59
72 52 77 97 73 53 78 98 -1 0.20 -0.15 0.77 0.59
73 53 78 98 74 54 79 99 -1 0.20 0.15 0.77 0.59
74 54 79 99 70 50 75 95 -1 -0.08 0.24 0.77 0.59
75 80 105 100 76 81 106 101 -1 -0.81 -0.00 -0.00 -0.59
76 81 106 101 77 82 107 102 -1 -0.25 -0.77 -0.00 -0.59
77 82 107 102 78 83 108 103 -1 0.65 -0.48 -0.00 -0.59
78 83 108 103 79 84 109 104 -1 0.65 0.48 -0.00 -0.59
79 84 109 104 75 80 105 100 -1 -0.25 0.77 -0.00 -0.59
80 85 110 105 81 86 111 106 -1 -0.25 -0.00 -0.77 -0.59
81 86 111 106 82 87 112 107 -1 -0.08 -0.24 -0.77 -0.59
82 87 112 107 83 88 113 108 -1 0.20 -0.15 -0.77 -0.59
83 88 113 108 84 89 114 109 -1 0.20 0.15 -0.77 -0.59
84 89 114 109 80 85 110 105 -1 -0.08 0.24 -0.77 -0.59
85 90 115 110 86 91 116 111 -1 0.65 0.00 -0.48 -0.59
86 91 116 111 87 92 117 112 -1 0.20 0.62 -0.48 -0.59
87 92 117 112 88 93 118 113 -1 -0.53 0.38 -0.48 -0.59
88 93 118 113 89 94 119 114 -1 -0.53 -0.38 -0.48 -0.59
89 94 119 114 85 90 115 110 -1 0.20 -0.62 -0.48 -0.59
90 95 120 115 91 96 121 116 -1 0.65 0.00 0.48 -0.59
91 96 121 116 92 97 122 117 -1 0.20 0.62 0.48 -0.59
92 97 122 117 93 98 123 118 -1 -0.53 0.38 0.48 -0.59
93 98 123 118 94 99 124 119 -1 -0.53 -0.38 0.48 -0.59
94 99 124 119 90 95 120 115 -1 0.20 -0.62 0.48 -0.59
95 75 100 120 96 76 101 121 -1 -0.25 -0.00 0.77 -0.59
96 76 101 121 97 77 102 122 -1 -0.08 -0.24 0.77 -0.59
97 77 102 122 98 78 103 123 -1 0.20 -0.15 0.77 -0.59
98 78 103 123 99 79 104 124 -1 0.20 0.15 0.77 -0.59
99 79 104 124 95 75 100 120 -1 -0.08 0.24 0.77 -0.59
100 105 5 0 101 106 6 1 -1 0.31 0.00 0.00 -0.95
101 106 6 1 102 107 7 2 -1 0.10 0.29 0.00 -0.95
102 107 7 2 103 108 8 3 -1 -0.25 0.18 0.00 -0.95
103 108 8 3 104 109 9 4 -1 -0.25 -0.18 0.00 -0.95
104 109 9 4 100 105 5 0 -1 0.10 -0.29 0.00 -0.95
105 110 10 5 106 111 11 6 -1 0.10 0.00 0.29 -0.95
106 111 11 6 107 112 12 7 -1 0.03 0.09 0.29 -0.95
107 112 12 7 108 113 13 8 -1 -0.08 0.06 0.29 -0.95
108 113 13 8 109 114 14 9 -1 -0.08 -0.06 0.29 -0.95
109 114 14 9 105 110 10 5 -1 0.03 -0.09 0.29 -0.95
110 115 15 10 111 116 16 11 -1 -0.25 -0.00 0.18 -0.95
111 116 16 11 112 117 17 12 -1 -0.08 -0.24 0.18 -0.95
112 117 17 12 113 118 18 13 -1 0.20 -0.15 0.18 -0.95
113 118 18 13 114 119 19 14 -1 0.20 0.15 0.18 -0.95
114 119 19 14 110 115 15 10 -1 -0.08 0.24 0.18 -0.95
115 120 20 15 116 121 21 16 -1 -0.25 -0.00 -0.18 -0.95
116 121 21 16 117 122 22 17 -1 -0.08 -0.24 -0.18 -0.95
117 122 22 17 118 123 23 18 -1 0.20 -0.15 -0.18 -0.95
118 123 23 18 119 124 24 19 -1 0.20 0.15 -0.18 -0.95
119 124 24 19 115 120 20 15 -1 -0.08 0.24 -0.18 -0.95
120 100 0 20 121 101 1 21 -1 0.10 0.00 -0.29 -0.95
121 101 1 21 122 102 2 22 -1 0.03 0.09 -0.29 -0.95
122 102 2 22 123 103 3 23 -1 -0.08 0.06 -0.29 -0.95
123 103 3 23 124 104 4 24 -1 -0.08 -0.06 -0.29 -0.95
124 104 4 24 120 100 0 20 -1 0.03 -0.09 -0.29 -0.95
